# Created by Octave 4.2.2, Fri May 11 08:13:02 2018 CEST <mzehlike@cit0566>
# name: omega
# type: matrix
# rows: 5
# columns: 1
 -0.0007370524048392303
 -0.07178465990190737
 -0.02838108197610439
 -0.05170469276978587
 -0.07026705844403275


