# Created by Octave 4.0.0, Wed May 16 13:09:03 2018 CEST <meike@ws119692>
# name: omega
# type: matrix
# rows: 5
# columns: 1
 0.1477402915770311
 0.2202546478230133
 0.03320793567402015
 0.1826003606134715
 0.1883099447329644


