# Created by Octave 4.0.0, Thu Aug 16 11:04:31 2018 UTC <ubuntu@trec-big>
# name: omega
# type: matrix
# rows: 3
# columns: 1
 0.006528440435960878
 0.2048120962097654
 0.1098884788861725


