# Created by Octave 4.2.2, Sat Jan 19 02:28:38 2019 CET <meike@Irmchen>
# name: omega
# type: matrix
# rows: 3
# columns: 1
 0.3676204789200285
 0.1994271859567304
 0.1062875068815977


