# Created by Octave 4.0.0, Thu Aug 16 12:59:16 2018 UTC <ubuntu@trec-big>
# name: omega
# type: matrix
# rows: 3
# columns: 1
 0.00599325898382575
 0.2047654282158431
 0.1098661412169091


