# Created by Octave 4.2.2, Fri Jan 18 01:38:26 2019 CET <meike@Irmchen>
# name: omega
# type: matrix
# rows: 3
# columns: 1
 0.3546858031094765
 0.1935025518250698
 0.1035405744916749


