# Created by Octave 4.2.2, Sat Jan 19 21:36:30 2019 CET <meike@Irmchen>
# name: omega
# type: matrix
# rows: 3
# columns: 1
 0.3280849076851667
 0.1934057196234865
 0.1035741383552953


