# Created by Octave 4.0.0, Tue Aug 07 18:54:13 2018 UTC <ubuntu@lsat>
# name: omega
# type: matrix
# rows: 5
# columns: 1
 -0.1114895572174613
 0.2097666648746161
 0.01337115645034661
 0.1843381624807227
 0.1807857870447863


