# Created by Octave 4.0.0, Sat Aug 11 00:20:09 2018 UTC <ubuntu@lsat>
# name: omega
# type: matrix
# rows: 5
# columns: 1
 -0.07291504974485402
 0.2104062779754452
 0.01391407212540888
 0.1844653159929463
 0.1813982333894235


