# Created by Octave 4.0.0, Sat Jan 12 14:28:37 2019 CET <gina@Jesus>
# name: omega
# type: matrix
# rows: 5
# columns: 1
 0.07268969971632443
 0.09314459268441048
 0.01361496279151048
 0.08130697600347279
 0.08632785080647497


