# Created by Octave 4.2.2, Sun Apr 05 14:20:44 2020 UTC <meike@brain09>
# name: omega
# type: matrix
# rows: 5
# columns: 1
 -0.2290866675176455
 0.02305422652533211
 0.0003324614732579669
 0.2714795982173793
 0.03005393211765809


