# Created by Octave 4.0.0, Mon Jan 14 14:28:13 2019 CET <gina@Jesus>
# name: omega
# type: matrix
# rows: 6
# columns: 1
 0.1299427264118835
 -0.03006747388786127
 0.01719835728069725
 -0.0212888503359965
 0.07138063755091106
 0.02757873997833273


