# Created by Octave 4.2.2, Thu Apr 19 18:40:25 2018 CEST <mzehlike@cit0566>
# name: omega
# type: matrix
# rows: 2
# columns: 1
 0.1707041352856535
 -0.4568019466920278


