# Created by Octave 4.2.2, Thu May 03 13:22:02 2018 CEST <mzehlike@cit0566>
# name: omega
# type: matrix
# rows: 2
# columns: 1
 9.879196612571054
 3.614670012615124


