# Created by Octave 4.0.0, Sat Dec 29 19:58:53 2018 CET <gina@Jesus>
# name: omega
# type: matrix
# rows: 3
# columns: 1
 0.03962094248718701
 0.06503952449661589
 0.030779915312269


