# Created by Octave 4.0.0, Sun Dec 30 06:16:56 2018 CET <gina@Jesus>
# name: omega
# type: matrix
# rows: 5
# columns: 1
 1.485818675581448
 1.867363459810311
 -0.5267823123939401
 1.36780061572547
 1.565345204667311


