# Created by Octave 4.0.0, Sat Dec 29 07:25:46 2018 CET <gina@Jesus>
# name: omega
# type: matrix
# rows: 4
# columns: 1
 1.860959884651281
 -0.4337694877386373
 1.416079834532558
 1.078944613117764


