# Created by Octave 4.0.0, Sat Jan 12 13:34:32 2019 CET <gina@Jesus>
# name: omega
# type: matrix
# rows: 5
# columns: 1
 0.1355580206022135
 0.08940855323062812
 0.01318836070468543
 0.07978238310027774
 0.08689467729783404


