# Created by Octave 4.0.0, Tue Aug 14 09:58:17 2018 UTC <ubuntu@trec-big>
# name: omega
# type: matrix
# rows: 6
# columns: 1
 -0.383807035347133
 -0.02542310657330352
 0.01457237160926331
 -0.0309158515999601
 0.06125544314309776
 0.02577655754273167


