# Created by Octave 4.0.0, Sat Jan 12 01:36:22 2019 CET <gina@Jesus>
# name: omega
# type: matrix
# rows: 3
# columns: 1
 0.1226470103130603
 0.06395800228183258
 0.02532949285059137


