# Created by Octave 4.2.2, Sat Apr 04 23:21:42 2020 UTC <meike@brain09>
# name: omega
# type: matrix
# rows: 6
# columns: 1
 -0.01659248531495298
 -0.002826016570987859
 -0.01130712641855479
 -0.03772351610463099
 0.03162835547432601
 0.02602835744377671


