# Created by Octave 4.2.2, Sun Apr 05 07:45:12 2020 UTC <meike@brain09>
# name: omega
# type: matrix
# rows: 6
# columns: 1
 -0.3996528962791185
 -2.645153732663927e-05
 0.01251420848977502
 -0.01808177849858116
 0.03528002138861538
 0.02753180368663876


