# Created by Octave 4.0.0, Wed Aug 15 21:57:16 2018 UTC <ubuntu@lsat>
# name: omega
# type: matrix
# rows: 6
# columns: 1
 -0.3915602463164647
 -0.02884765621264073
 0.01501300600833024
 -0.03731017742347853
 0.06374499012015732
 0.02787429049716503


