# Created by Octave 4.0.0, Wed Aug 08 07:38:18 2018 UTC <ubuntu@trec-big>
# name: omega
# type: matrix
# rows: 6
# columns: 1
 -0.3915390032294219
 -0.03290509469677995
 0.01526156001116661
 -0.03965732569284284
 0.06776598990089359
 0.0279244674240043


