# Created by Octave 4.0.0, Sat Jan 12 01:19:09 2019 CET <gina@Jesus>
# name: omega
# type: matrix
# rows: 5
# columns: 1
 -0.05338248708646879
 0.08216837304443779
 0.005363415659092148
 0.09536078361081643
 0.08239777503149441


