# Created by Octave 4.0.0, Wed Aug 15 11:30:51 2018 UTC <ubuntu@trec-big>
# name: omega
# type: matrix
# rows: 6
# columns: 1
 -0.001276838392438594
 -0.02031426304922506
 -0.00374298229511908
 -0.01710056725780616
 0.05069697094981536
 0.02335591404830973


