# Created by Octave 4.0.0, Fri Jul 20 13:08:13 2018 UTC <ubuntu@lsat>
# name: omega
# type: matrix
# rows: 3
# columns: 1
 -0.0002005159742595303
 0.2699214375019313
 0.09865010923572551


