# Created by Octave 4.0.0, Mon Jul 23 15:44:24 2018 UTC <ubuntu@trec-big>
# name: omega
# type: matrix
# rows: 3
# columns: 1
 -0.008816211017445548
 0.1589698802245934
 0.08573265104307663


