# Created by Octave 4.0.0, Thu Aug 16 14:29:19 2018 UTC <ubuntu@trec-big>
# name: omega
# type: matrix
# rows: 3
# columns: 1
 -0.04605273462029001
 0.2120479325562412
 0.1677957953663232


