# Created by Octave 4.0.0, Tue Jul 24 14:53:54 2018 UTC <ubuntu@lsat>
# name: omega
# type: matrix
# rows: 3
# columns: 1
 -0.02469818507483853
 0.201143223219284
 0.1102443216722581


