# Created by Octave 4.0.0, Tue Jul 24 10:40:40 2018 UTC <ubuntu@lsat>
# name: omega
# type: matrix
# rows: 3
# columns: 1
 -0.005889863210337462
 0.1589579119521604
 0.08572249948997823


