# Created by Octave 4.2.2, Fri Jan 18 13:09:35 2019 CET <meike@Irmchen>
# name: omega
# type: matrix
# rows: 3
# columns: 1
 -0.001234480254208849
 0.2163356329440559
 0.1557206579571161


