# Created by Octave 4.0.0, Thu Aug 16 11:16:15 2018 UTC <ubuntu@trec-big>
# name: omega
# type: matrix
# rows: 3
# columns: 1
 -0.04605269972162478
 0.2120480211829225
 0.1677956929863647


