# Created by Octave 4.0.0, Sun Aug 12 11:26:51 2018 UTC <ubuntu@trec-big>
# name: omega
# type: matrix
# rows: 6
# columns: 1
 -0.01615888573316223
 -0.02640047450798119
 -0.00958412298704571
 -0.06665077578383329
 0.05488366289789549
 0.02630753177145711


