# Created by Octave 4.0.0, Fri Dec 28 23:20:22 2018 CET <gina@Jesus>
# name: omega
# type: matrix
# rows: 4
# columns: 1
 1.663112045072788
 -0.5647860705633867
 1.340348540831994
 1.412832363146831


