# Created by Octave 4.0.0, Sat Dec 29 17:14:10 2018 CET <gina@Jesus>
# name: omega
# type: matrix
# rows: 5
# columns: 1
 0.6927321588420254
 1.670513486197437
 -0.5852851401723013
 1.457780469488284
 1.316617257843552


