# Created by Octave 4.0.0, Sun Dec 30 02:33:10 2018 CET <gina@Jesus>
# name: omega
# type: matrix
# rows: 5
# columns: 1
 0.8256590983913982
 1.640342916815439
 -0.6203866023092612
 1.318976881341848
 1.520827113995532


