# Created by Octave 4.0.0, Sat Dec 29 03:50:04 2018 CET <gina@Jesus>
# name: omega
# type: matrix
# rows: 4
# columns: 1
 1.65912456091228
 -0.5721033414801437
 1.355612763433387
 1.39880811287697


