# Created by Octave 4.0.0, Wed Jul 25 13:39:30 2018 UTC <ubuntu@lsat>
# name: omega
# type: matrix
# rows: 3
# columns: 1
 0.1751805041321823
 0.1362778823566138
 0.07146209273852042


