# Created by Octave 4.2.2, Sun Apr 05 17:23:51 2020 UTC <meike@brain09>
# name: omega
# type: matrix
# rows: 6
# columns: 1
 -0.01583926991991761
 0.001186667748775285
 -0.01374966902616914
 -0.03481937318408952
 0.02831604793125321
 0.02399208637240838


