# Created by Octave 4.0.0, Fri Jan 11 19:45:08 2019 CET <gina@Jesus>
# name: omega
# type: matrix
# rows: 3
# columns: 1
 0.1503228958777391
 0.04625576830163074
 0.03546625841039663


