# Created by Octave 4.0.0, Thu Jul 26 06:12:22 2018 UTC <ubuntu@lsat>
# name: omega
# type: matrix
# rows: 6
# columns: 1
 -0.3845558627863413
 0.003347198221903084
 0.001018282521689015
 -0.0450935417029659
 0.0038469595832739
 0.3209593064573733


