# Created by Octave 4.0.0, Sat Jan 12 08:46:41 2019 CET <gina@Jesus>
# name: omega
# type: matrix
# rows: 5
# columns: 1
 0.07394560240474937
 0.09774795615539379
 0.006308402214571072
 0.07943129863968688
 0.08611340795877075


