# Created by Octave 4.0.0, Fri Jan 11 13:40:18 2019 CET <gina@Jesus>
# name: omega
# type: matrix
# rows: 3
# columns: 1
 -0.05434254047256985
 0.05705281879655454
 0.03833817700551025


