# Created by Octave 4.2.2, Sat Apr 04 09:27:36 2020 UTC <meike@brain09>
# name: omega
# type: matrix
# rows: 5
# columns: 1
 -0.2263824284951392
 0.01569586177383695
 -0.04397492968622756
 0.2625663991166145
 0.03196874120313187


