# Created by Octave 4.0.0, Thu Jan 17 04:22:54 2019 CET <gina@Jesus>
# name: omega
# type: matrix
# rows: 6
# columns: 1
 -0.1673157637067123
 -0.03177422152558247
 0.0215339100804465
 -0.01063555830044165
 0.07247454091112904
 0.03044839444508099


