# Created by Octave 4.0.0, Sun Dec 30 21:43:25 2018 CET <gina@Jesus>
# name: omega
# type: matrix
# rows: 6
# columns: 1
 -0.1681787605349402
 -0.03336987894528562
 0.02160179450381252
 -0.01082934468873053
 0.07407079210873957
 0.03047053988747359


