# Created by Octave 4.2.2, Fri Apr 03 22:38:28 2020 UTC <meike@brain09>
# name: omega
# type: matrix
# rows: 5
# columns: 1
 -0.1850741885755268
 0.01332807543664293
 -0.2174124727298706
 0.2124112624442131
 0.02839566454564861


