# Created by Octave 4.0.0, Wed Aug 08 17:52:10 2018 UTC <ubuntu@lsat>
# name: omega
# type: matrix
# rows: 5
# columns: 1
 0.1525187590134913
 0.2012771911989442
 0.003561332344145445
 0.2050666397952383
 0.192487187356256


