# Created by Octave 4.0.0, Sun Aug 12 08:44:43 2018 UTC <ubuntu@lsat>
# name: omega
# type: matrix
# rows: 5
# columns: 1
 0.1546272676151031
 0.2013368776671574
 0.003521469793615239
 0.2049636441881732
 0.192790895732902


