# Created by Octave 4.0.0, Thu Aug 09 14:00:12 2018 UTC <ubuntu@trec-big>
# name: omega
# type: matrix
# rows: 5
# columns: 1
 -0.02466817798301862
 0.001466900287541087
 -0.09716899189662019
 0.05328152440078374
 0.02670947672010236


