# Created by Octave 4.0.0, Sat Jan 12 05:07:11 2019 CET <gina@Jesus>
# name: omega
# type: matrix
# rows: 5
# columns: 1
 -0.07191034693217471
 0.08653238867299338
 0.01716970339621399
 0.07977420353348251
 0.08441005041513203


