# Created by Octave 4.0.0, Sat Jan 12 03:20:59 2019 CET <gina@Jesus>
# name: omega
# type: matrix
# rows: 5
# columns: 1
 -0.06252850980324066
 0.08367104771487072
 0.004807863811915409
 0.08707091039128753
 0.08621884455672646


