# Created by Octave 4.0.0, Wed May 16 21:41:40 2018 CEST <meike@ws119692>
# name: omega
# type: matrix
# rows: 5
# columns: 1
 0.1484551727580673
 0.2122491397140343
 0.02717780318766044
 0.2002657880456847
 0.1939602097191019


