# Created by Octave 4.2.2, Wed May 16 22:28:00 2018 CEST <mzehlike@cit0566>
# name: omega
# type: matrix
# rows: 5
# columns: 1
 0.0918523729283412
 0.1985366639444093
 0.03556779423485509
 0.1925983452917084
 0.1833939884225348


