# Created by Octave 4.0.0, Tue Aug 07 23:12:36 2018 UTC <ubuntu@lsat>
# name: omega
# type: matrix
# rows: 5
# columns: 1
 0.1094346832733729
 0.1879126722759996
 0.01007704513457621
 0.2147387171723472
 0.1724032394436312


