# Created by Octave 4.0.0, Fri Jan 11 12:11:09 2019 CET <gina@Jesus>
# name: omega
# type: matrix
# rows: 3
# columns: 1
 0.2843097093993251
 0.05274176473060277
 0.03572219301155315


