# Created by Octave 4.0.0, Tue Aug 07 23:37:46 2018 UTC <ubuntu@lsat>
# name: omega
# type: matrix
# rows: 4
# columns: 1
 0.1990917629465135
 0.005124319512957341
 0.2091275921074741
 0.1773942233449751


