# Created by Octave 4.0.0, Wed Aug 08 00:36:37 2018 UTC <ubuntu@lsat>
# name: omega
# type: matrix
# rows: 5
# columns: 1
 -0.1202677773900464
 0.1900212034207752
 0.009163048534066055
 0.2005789135304302
 0.1839028656941575


