# Created by Octave 4.0.0, Fri May 11 07:25:43 2018 CEST <meike@ws119692>
# name: omega
# type: matrix
# rows: 6
# columns: 1
 0.001567631480480872
 0.01734331536194694
 -0.009820253395335328
 0.0001462540426969666
 -0.0580199115748971
 -0.03606104615536693


