# Created by Octave 4.0.0, Tue Aug 07 21:15:22 2018 UTC <ubuntu@lsat>
# name: omega
# type: matrix
# rows: 5
# columns: 1
 -0.106010554120173
 0.1857710860395611
 0.009569509603298807
 0.2143762023589075
 0.1749898007151666


