# Created by Octave 4.0.0, Tue Aug 07 20:16:35 2018 UTC <ubuntu@lsat>
# name: omega
# type: matrix
# rows: 4
# columns: 1
 0.1938103285719408
 0.007246007426431732
 0.2214249004823256
 0.1696578164965557


