# Created by Octave 4.2.2, Thu Jan 17 23:20:11 2019 CET <meike@Irmchen>
# name: omega
# type: matrix
# rows: 3
# columns: 1
 -0.05588912848663452
 0.2121295713256715
 0.1678572780490884


