# Created by Octave 4.0.0, Tue Jul 24 17:40:53 2018 UTC <ubuntu@lsat>
# name: omega
# type: matrix
# rows: 3
# columns: 1
 -0.04935689531086727
 0.2014557356314081
 0.1105013221370837


