# Created by Octave 4.0.0, Tue Jul 24 19:39:17 2018 UTC <ubuntu@lsat>
# name: omega
# type: matrix
# rows: 3
# columns: 1
 -0.03418430965201719
 0.2012857726871326
 0.110361338484729


