# Created by Octave 4.2.2, Sun Apr 05 23:20:17 2020 UTC <meike@brain09>
# name: omega
# type: matrix
# rows: 5
# columns: 1
 0.007090714640726924
 0.005801870680873534
 -0.005435734039755669
 0.009469540070015625
 0.4728261447401864


