# Created by Octave 4.0.0, Tue Jan 15 05:58:16 2019 CET <gina@Jesus>
# name: omega
# type: matrix
# rows: 6
# columns: 1
 0.1340570825858595
 0.01027644427127465
 0.003308059875159952
 -0.02982234969059012
 0.008312669733666633
 0.364930781254387


