# Created by Octave 4.2.2, Fri May 11 14:06:00 2018 CEST <mzehlike@cit0566>
# name: omega
# type: matrix
# rows: 4
# columns: 1
 -0.07780904702522433
 -0.02673711433052356
 -0.05437680821853644
 -0.06617152796323483


