# Created by Octave 4.2.2, Tue May 15 13:09:49 2018 CEST <mzehlike@cit0566>
# name: omega
# type: matrix
# rows: 4
# columns: 1
 0.2194871991373955
 0.03674167342160674
 0.1917695080675393
 0.1725023399472888


