# Created by Octave 4.0.0, Sun Dec 30 16:57:21 2018 CET <gina@Jesus>
# name: omega
# type: matrix
# rows: 6
# columns: 1
 -0.1669596727875532
 -0.03232518528366546
 0.02042394688668228
 0.001081831537026029
 0.07301634459274202
 0.03045621216104414


