# Created by Octave 4.0.0, Wed Jan 16 23:42:44 2019 CET <gina@Jesus>
# name: omega
# type: matrix
# rows: 6
# columns: 1
 -0.1661196693314231
 -0.03338817628238792
 0.02030656953873403
 0.001825973768611591
 0.07405576923980835
 0.03046691181792263


