# Created by Octave 4.2.2, Sat Apr 04 00:24:00 2020 UTC <meike@brain09>
# name: omega
# type: matrix
# rows: 5
# columns: 1
 -0.2267676645531706
 0.01806345000126821
 -0.06902355014219681
 0.2629459584771743
 0.03196807189057668


