# Created by Octave 4.0.0, Mon May 14 13:00:16 2018 CEST <meike@ws119692>
# name: omega
# type: matrix
# rows: 2
# columns: 1
 0.5872562100559596
 1.193516879839066


