# Created by Octave 4.2.2, Fri May 11 16:48:12 2018 CEST <mzehlike@cit0566>
# name: omega
# type: matrix
# rows: 2
# columns: 1
 -0.128065676327603
 -0.5233016336613855


