# Created by Octave 4.2.2, Mon May 14 17:19:24 2018 CEST <mzehlike@cit0566>
# name: omega
# type: matrix
# rows: 2
# columns: 1
 0.3156102375368833
 1.037648914016126


