# Created by Octave 4.2.2, Mon May 14 16:46:41 2018 CEST <mzehlike@cit0566>
# name: omega
# type: matrix
# rows: 2
# columns: 1
 -0.07057137842339878
 0.7455488714248365


