# Created by Octave 4.0.0, Mon May 14 12:38:29 2018 CEST <meike@ws119692>
# name: omega
# type: matrix
# rows: 2
# columns: 1
 -0.4214748139261101
 1.016971040389353


