# Created by Octave 4.2.2, Wed May 16 20:53:38 2018 CEST <mzehlike@cit0566>
# name: omega
# type: matrix
# rows: 4
# columns: 1
 0.211643293829432
 0.03051699558783157
 0.2080364999793258
 0.1768565948104423


