# Created by Octave 4.2.2, Wed May 16 20:31:24 2018 CEST <mzehlike@cit0566>
# name: omega
# type: matrix
# rows: 3
# columns: 1
 0.03216951919085708
 0.2451538101623382
 0.1525612207780407


