# Created by Octave 4.0.0, Thu Jun 14 02:21:46 2018 UTC <ubuntu@trec-big>
# name: omega
# type: matrix
# rows: 6
# columns: 1
 0.0003277775731874207
 -0.043734995307414
 -0.01302816549273718
 0.002258267204293484
 0.04745890090139394
 0.03114374538043282


