# Created by Octave 4.0.0, Fri Jun 29 12:11:15 2018 UTC <ubuntu@trec-big>
# name: omega
# type: matrix
# rows: 6
# columns: 1
 0.006659920403484051
 0.004656563908773063
 0.005240744187116912
 -0.01922768711641337
 0.004677435463605802
 0.1485053161865317


