# Created by Octave 4.0.0, Tue Jul 24 19:00:43 2018 UTC <ubuntu@trec-big>
# name: omega
# type: matrix
# rows: 6
# columns: 1
 -0.0026733567307649
 -0.001264931874453746
 0.001041236265585611
 -0.02773083899762714
 -0.002601442276333014
 0.1427094723397574


