# Created by Octave 4.0.0, Thu Jun 28 14:50:19 2018 UTC <ubuntu@trec-big>
# name: omega
# type: matrix
# rows: 6
# columns: 1
 0.001162477839685531
 0.00490152884489514
 0.008665134426550146
 -0.008383720411102006
 0.002806088025975294
 0.1296319447389967


