# Created by Octave 4.0.0, Mon Jul 23 17:25:10 2018 UTC <ubuntu@lsat>
# name: omega
# type: matrix
# rows: 6
# columns: 1
 -8.34924942875407e-06
 -0.003311182306350386
 -0.0006923307476074985
 -0.02124722600494346
 0.00173028326792543
 0.1464853394722777


