# Created by Octave 4.0.0, Sat Dec 29 02:56:01 2018 CET <gina@Jesus>
# name: omega
# type: matrix
# rows: 4
# columns: 1
 1.875346683820961
 -0.4501121699797644
 1.396586266013392
 1.081492159614522


