# Created by Octave 4.0.0, Sun Dec 30 01:37:39 2018 CET <gina@Jesus>
# name: omega
# type: matrix
# rows: 5
# columns: 1
 -0.9445972527777067
 1.85637489529742
 -0.4333464101438972
 1.315475349382618
 1.120157546166896


