# Created by Octave 4.2.2, Thu May 24 20:14:06 2018 CEST <mzehlike@cit0566>
# name: omega
# type: matrix
# rows: 5
# columns: 1
 -0.0221616200752779
 -0.01262168921760892
 0.002158995859511313
 0.02639967281400612
 0.03014758331001051


