# Created by Octave 4.0.0, Tue Jul 24 17:34:12 2018 UTC <ubuntu@lsat>
# name: omega
# type: matrix
# rows: 3
# columns: 1
 0.07250358350330596
 0.1722946663981966
 0.1298961137135781


