# Created by Octave 4.0.0, Fri Jan 11 22:43:41 2019 CET <gina@Jesus>
# name: omega
# type: matrix
# rows: 3
# columns: 1
 0.1577851498960348
 0.04124820006900858
 0.0304095669889704


