# Created by Octave 4.0.0, Fri May 11 13:33:10 2018 CEST <meike@ws119692>
# name: omega
# type: matrix
# rows: 2
# columns: 1
 -0.2432986475889119
 -0.6558601463458581


