# Created by Octave 4.0.0, Wed Aug 08 10:34:47 2018 UTC <ubuntu@lsat>
# name: omega
# type: matrix
# rows: 5
# columns: 1
 0.1413748370902601
 0.2209709696863789
 0.009006607025595406
 0.1903558497687715
 0.1852981830047588


