# Created by Octave 4.0.0, Sat Dec 29 21:27:17 2018 CET <gina@Jesus>
# name: omega
# type: matrix
# rows: 3
# columns: 1
 -0.04800741974328534
 0.04868447214135131
 0.03667180514688236


