# Created by Octave 4.0.0, Tue Aug 07 13:39:56 2018 UTC <ubuntu@lsat>
# name: omega
# type: matrix
# rows: 4
# columns: 1
 0.2259861849452286
 0.006500844845588957
 0.1876803463128436
 0.1778918719115695


