# Created by Octave 4.2.2, Mon Apr 20 05:54:54 2020 UTC <meike@brain09>
# name: omega
# type: matrix
# rows: 5
# columns: 1
 0.008744940769012142
 0.000158301100967742
 -0.1030913451631079
 0.006386264538774127
 0.3077795788230759


