# Created by Octave 4.2.2, Sun Apr 05 19:49:26 2020 UTC <meike@brain09>
# name: omega
# type: matrix
# rows: 5
# columns: 1
 0.01268834049601364
 0.00318690551108074
 -0.1172584590857917
 0.005056541845710187
 0.3994859138771629


