# Created by Octave 4.0.0, Tue May 15 14:12:04 2018 CEST <meike@ws119692>
# name: omega
# type: matrix
# rows: 6
# columns: 1
 -0.03858405411038363
 0.005930858642032554
 0.01623346693801523
 -0.003303874348825606
 0.02739936685892999
 0.03376488531557291


