# Created by Octave 4.0.0, Mon May 14 23:38:17 2018 CEST <meike@ws119692>
# name: omega
# type: matrix
# rows: 6
# columns: 1
 -0.2166011699683921
 -0.008753164982142181
 0.01895416954901849
 -0.004649918620750882
 0.0400693749237904
 0.0364797135722842


