# Created by Octave 4.0.0, Fri Jan 11 08:45:31 2019 CET <gina@Jesus>
# name: omega
# type: matrix
# rows: 3
# columns: 1
 0.1026270466029644
 0.06603384644693125
 0.04556039245886129


