# Created by Octave 4.0.0, Fri Aug 17 01:28:56 2018 UTC <ubuntu@lsat>
# name: omega
# type: matrix
# rows: 6
# columns: 1
 -0.4011417117983297
 -0.030205558708473
 0.0158483625614468
 -0.04007744911736763
 0.06522790989611484
 0.02791348294312901


