# Created by Octave 4.0.0, Tue Jul 24 18:10:32 2018 UTC <ubuntu@trec-big>
# name: omega
# type: matrix
# rows: 3
# columns: 1
 0.1853666430924722
 0.136608636029987
 0.07162400585738442


