# Created by Octave 4.0.0, Mon Jul 23 10:57:13 2018 UTC <ubuntu@trec-big>
# name: omega
# type: matrix
# rows: 3
# columns: 1
 -0.03154179328502735
 0.1470671834753617
 0.08157018920741442


