# Created by Octave 4.0.0, Mon Jul 23 15:19:49 2018 UTC <ubuntu@trec-big>
# name: omega
# type: matrix
# rows: 3
# columns: 1
 -0.03610925531741729
 0.1615049554385151
 0.07726225401309797


