# Created by Octave 4.0.0, Sat Dec 29 18:22:10 2018 CET <gina@Jesus>
# name: omega
# type: matrix
# rows: 3
# columns: 1
 -0.04950991277170652
 0.05706933791308332
 0.03836321459420888


