# Created by Octave 4.0.0, Wed Aug 08 20:40:29 2018 UTC <ubuntu@trec-big>
# name: omega
# type: matrix
# rows: 6
# columns: 1
 -0.01563063423458201
 -0.02567875001199818
 0.0002279754914271379
 -0.09148585070677762
 0.05467421125575837
 0.02641519024965525


