# Created by Octave 4.2.2, Sat Apr 04 05:14:53 2020 UTC <meike@brain09>
# name: omega
# type: matrix
# rows: 6
# columns: 1
 -0.0162753283584353
 0.003984497911097401
 -0.00450995600717142
 -0.03900956044876503
 0.02535968150932644
 0.02604611965313964


