# Created by Octave 4.2.2, Sat Apr 04 20:16:53 2020 UTC <meike@brain09>
# name: omega
# type: matrix
# rows: 5
# columns: 1
 -0.2456682022546766
 0.0229140003425875
 -0.002965701736243855
 0.2868152540090376
 0.03250067872163084


