# Created by Octave 4.0.0, Sun Jan 13 20:01:21 2019 CET <gina@Jesus>
# name: omega
# type: matrix
# rows: 6
# columns: 1
 0.1294583895555555
 -0.0342889511062345
 0.01709747633125885
 -0.02539466191174463
 0.07448799193982374
 0.02985557197058974


