# Created by Octave 4.0.0, Tue Aug 07 14:37:51 2018 UTC <ubuntu@lsat>
# name: omega
# type: matrix
# rows: 5
# columns: 1
 -0.1294341407601797
 0.2158831774619633
 0.009977140089198823
 0.1787548522757603
 0.1861655810908819


