# Created by Octave 4.2.2, Sat Apr 04 07:42:07 2020 UTC <meike@brain09>
# name: omega
# type: matrix
# rows: 5
# columns: 1
 -0.1850821551066407
 0.003249524173841393
 -0.1109723685401703
 0.2124305048506156
 0.02841353659536567


