# Created by Octave 4.0.0, Thu Aug 09 11:56:58 2018 UTC <ubuntu@lsat>
# name: omega
# type: matrix
# rows: 2
# columns: 1
 -0.09085959720828674
 0.306312715581564


