# Created by Octave 4.0.0, Wed Aug 08 15:19:17 2018 UTC <ubuntu@lsat>
# name: omega
# type: matrix
# rows: 2
# columns: 1
 -0.1401166929312035
 0.19943282819851


