# Created by Octave 4.0.0, Wed Aug 08 14:40:34 2018 UTC <ubuntu@lsat>
# name: omega
# type: matrix
# rows: 2
# columns: 1
 -0.05087214898598411
 0.0405680968327092


