# Created by Octave 4.0.0, Thu Aug 09 12:15:57 2018 UTC <ubuntu@lsat>
# name: omega
# type: matrix
# rows: 2
# columns: 1
 0.07194624409649988
 0.1652738939082417


