# Created by Octave 4.0.0, Mon May 14 18:15:00 2018 CEST <meike@ws119692>
# name: omega
# type: matrix
# rows: 2
# columns: 1
 0.3726023343382283
 1.050773140169189


