# Created by Octave 4.0.0, Mon May 14 17:57:44 2018 CEST <meike@ws119692>
# name: omega
# type: matrix
# rows: 2
# columns: 1
 0.3729601140531825
 1.051362910088669


