# Created by Octave 4.0.0, Wed Aug 08 05:51:08 2018 UTC <ubuntu@lsat>
# name: omega
# type: matrix
# rows: 5
# columns: 1
 0.07299137468050178
 0.2013938258403573
 0.0335032843803046
 0.1972620474890547
 0.1836355039180469


