# Created by Octave 4.0.0, Sat Jan 12 02:25:33 2019 CET <gina@Jesus>
# name: omega
# type: matrix
# rows: 5
# columns: 1
 0.1641915254420613
 0.08371738610147424
 0.004813608231025272
 0.08771350437162866
 0.08811030748731348


