# Created by Octave 4.2.2, Wed May 02 18:14:58 2018 CEST <mzehlike@cit0566>
# name: omega
# type: matrix
# rows: 2
# columns: 1
 0.03842241186817538
 -0.01712413998328625


