# Created by Octave 4.2.2, Mon May 07 20:56:09 2018 CEST <mzehlike@cit0566>
# name: omega
# type: matrix
# rows: 2
# columns: 1
 NaN
 NaN


