# Created by Octave 4.2.2, Wed May 02 13:24:48 2018 CEST <mzehlike@cit0566>
# name: omega
# type: matrix
# rows: 2
# columns: 1
 0.03339087019893085
 -0.01214322722035178


