# Created by Octave 4.2.2, Wed Apr 25 20:54:41 2018 CEST <mzehlike@cit0566>
# name: omega
# type: matrix
# rows: 2
# columns: 1
 0.3377273382742785
 -0.3534946276724553


