# Created by Octave 4.2.2, Wed May 09 18:22:05 2018 CEST <mzehlike@cit0566>
# name: omega
# type: matrix
# rows: 2
# columns: 1
 0.08986646902992197
 -0.8736145693189461


