# Created by Octave 4.2.2, Thu Apr 26 13:23:26 2018 CEST <mzehlike@cit0566>
# name: omega
# type: matrix
# rows: 2
# columns: 1
 0.01265103492867618
 0.0009983974582182984


