# Created by Octave 4.2.2, Thu Apr 26 18:42:40 2018 CEST <mzehlike@cit0566>
# name: omega
# type: matrix
# rows: 2
# columns: 1
 0.008264394867616718
 0.008980821991119846


