# Created by Octave 4.0.0, Tue Aug 07 16:34:31 2018 UTC <ubuntu@lsat>
# name: omega
# type: matrix
# rows: 5
# columns: 1
 0.08457021916972055
 0.2183449917832103
 0.007412253862542672
 0.1787417011321159
 0.1839172510190107


