# Created by Octave 4.2.2, Sat Apr 04 12:57:52 2020 UTC <meike@brain09>
# name: omega
# type: matrix
# rows: 5
# columns: 1
 -0.1851429408550117
 0.003001889166968013
 -0.1083458224541761
 0.212493631065292
 0.02840951823147561


