# Created by Octave 4.0.0, Sun Jan 13 14:51:20 2019 CET <gina@Jesus>
# name: omega
# type: matrix
# rows: 6
# columns: 1
 -0.4021454818537507
 -0.03017006679483229
 0.01527680471300564
 -0.03356289200485839
 0.06520989168195493
 0.02791215362751321


