# Created by Octave 4.0.0, Sun Dec 30 03:28:12 2018 CET <gina@Jesus>
# name: omega
# type: matrix
# rows: 5
# columns: 1
 0.2078163202753464
 1.407599337158728
 -0.3358674162548211
 1.87207827463631
 1.530480500543606


