# Created by Octave 4.0.0, Sat Dec 29 04:43:32 2018 CET <gina@Jesus>
# name: omega
# type: matrix
# rows: 4
# columns: 1
 1.421547707585008
 -0.322468963538968
 1.889781282643762
 1.504859819821152


