# Created by Octave 4.2.2, Sun Apr 05 16:44:49 2020 UTC <meike@brain09>
# name: omega
# type: matrix
# rows: 6
# columns: 1
 -0.3835851152965259
 -0.0002820627185388937
 0.01190564751492926
 -0.01766539133434017
 0.03630859449495339
 0.02546664959099121


