# Created by Octave 4.0.0, Fri Aug 10 03:02:07 2018 UTC <ubuntu@trec-big>
# name: omega
# type: matrix
# rows: 6
# columns: 1
 -0.4003355262058843
 -0.03042673907958507
 0.01547536189980326
 -0.0364278662282022
 0.06543641027655017
 0.02791509703624479


