# Created by Octave 4.0.0, Wed Aug 08 14:11:20 2018 UTC <ubuntu@lsat>
# name: omega
# type: matrix
# rows: 5
# columns: 1
 0.1343510504048292
 0.1952988524163114
 0.003811935562881736
 0.2179957890887706
 0.1839105597937179


