# Created by Octave 4.2.2, Wed Apr 25 19:37:19 2018 CEST <mzehlike@cit0566>
# name: omega
# type: matrix
# rows: 2
# columns: 1
 0.01400892317923733
 0.002805346902804832


