# Created by Octave 4.2.2, Sun Apr 05 09:04:23 2020 UTC <meike@brain09>
# name: omega
# type: matrix
# rows: 6
# columns: 1
 -0.00147471566921981
 0.003934785944905724
 -0.004269460121019962
 -0.01052329238399871
 0.02580687733852978
 0.0249165173972482


