# Created by Octave 4.0.0, Wed Aug 15 02:41:59 2018 UTC <ubuntu@lsat>
# name: omega
# type: matrix
# rows: 6
# columns: 1
 -0.001369944956471673
 -0.02439286703490206
 -0.003749847531659088
 -0.01691200702303012
 0.05388165872024815
 0.02524168552906323


