# Created by Octave 4.2.2, Thu Apr 23 16:58:02 2020 UTC <meike@brain09>
# name: omega
# type: matrix
# rows: 6
# columns: 1
 0.001260594429465687
 -0.02522768839400385
 -0.002097465823095392
 -0.01440054234065596
 0.05526368911506072
 0.02433429824795551


