# Created by Octave 4.0.0, Wed Aug 08 20:13:46 2018 UTC <ubuntu@lsat>
# name: omega
# type: matrix
# rows: 5
# columns: 1
 0.1481528541672358
 0.2122445501089231
 0.02718550118604041
 0.2002941047883569
 0.1939105228301825


