# Created by Octave 4.0.0, Fri Jan 11 10:39:27 2019 CET <gina@Jesus>
# name: omega
# type: matrix
# rows: 3
# columns: 1
 -0.03585029093640549
 0.06781176045766922
 0.04682055984464872


