# Created by Octave 4.0.0, Fri Aug 10 16:04:46 2018 UTC <ubuntu@trec-big>
# name: omega
# type: matrix
# rows: 6
# columns: 1
 -0.01612402681385268
 -0.02788482412418917
 -0.007751502920648693
 -0.06392584856395185
 0.05649845145685439
 0.0263534454192503


