# Created by Octave 4.2.2, Sat Apr 04 14:17:40 2020 UTC <meike@brain09>
# name: omega
# type: matrix
# rows: 6
# columns: 1
 -0.0165418512770738
 -0.002399661991819563
 -0.009152893982499369
 -0.03682873071366315
 0.03134950516741448
 0.02605070907040184


