# Created by Octave 4.0.0, Wed Aug 08 16:53:03 2018 UTC <ubuntu@lsat>
# name: omega
# type: matrix
# rows: 5
# columns: 1
 0.1522748900477575
 0.2012726045284901
 0.003564823870212277
 0.2050803381964338
 0.1924585861168772


