# Created by Octave 4.2.2, Thu May 24 20:10:44 2018 CEST <mzehlike@cit0566>
# name: omega
# type: matrix
# rows: 6
# columns: 1
 -0.01941078991919669
 -0.02326244627013126
 -0.01245073697168064
 0.002308824778575309
 0.02746546821023473
 0.03045265006872348


