# Created by Octave 4.2.2, Sun Apr 05 21:34:30 2020 UTC <meike@brain09>
# name: omega
# type: matrix
# rows: 5
# columns: 1
 0.005173711900198101
 0.002306478631763128
 -0.05021730571560792
 0.01191702055450514
 0.4646625114130534


