# Created by Octave 4.0.0, Sat Jan 12 06:56:34 2019 CET <gina@Jesus>
# name: omega
# type: matrix
# rows: 5
# columns: 1
 0.08940510608458736
 0.1001367980108364
 0.0028736039822138
 0.07855726777651814
 0.08697922252619313


