# Created by Octave 4.0.0, Wed Aug 08 03:57:17 2018 UTC <ubuntu@lsat>
# name: omega
# type: matrix
# rows: 5
# columns: 1
 -0.1423668936217757
 0.2017031774542217
 0.0342889761921749
 0.1988777958054878
 0.1860056563360585


