# Created by Octave 4.2.2, Wed Jul 25 16:42:20 2018 CEST <mzehlike@cit0566>
# name: omega
# type: matrix
# rows: 5
# columns: 1
 0.00999803182679236
 0.00502401260869083
 -0.1030742361567086
 0.007541670811572142
 0.3094163570234366


