# Created by Octave 4.0.0, Sat Dec 29 06:32:58 2018 CET <gina@Jesus>
# name: omega
# type: matrix
# rows: 4
# columns: 1
 2.109179136157649
 -0.4365257581754233
 1.707704329044588
 1.112169625915092


