# Created by Octave 4.0.0, Sun Dec 30 05:21:35 2018 CET <gina@Jesus>
# name: omega
# type: matrix
# rows: 5
# columns: 1
 1.071035518524878
 2.057494599580211
 -0.5379485317012107
 1.638540407942431
 1.303659419807153


