# Created by Octave 4.0.0, Wed Aug 08 15:28:25 2018 UTC <ubuntu@lsat>
# name: omega
# type: matrix
# rows: 5
# columns: 1
 NaN
 NaN
 NaN
 NaN
 NaN


