# Created by Octave 4.0.0, Thu Aug 09 11:00:47 2018 UTC <ubuntu@lsat>
# name: omega
# type: matrix
# rows: 5
# columns: 1
 0.1458079869488137
 0.1952899381364173
 0.003520816620991273
 0.2171966653051662
 0.1847178793500339


