# Created by Octave 4.2.2, Fri Jan 18 00:20:26 2019 CET <meike@Irmchen>
# name: omega
# type: matrix
# rows: 2
# columns: 1
 0.2311589199129266
 0.122866750911236


