# Created by Octave 4.2.2, Mon Jul 23 14:38:54 2018 CEST <mzehlike@cit0566>
# name: omega
# type: matrix
# rows: 2
# columns: 1
 0.1982770680456915
 0.1507787265709452


