# Created by Octave 4.2.2, Fri Jan 18 22:28:57 2019 CET <meike@Irmchen>
# name: omega
# type: matrix
# rows: 2
# columns: 1
 0.2311597653614301
 0.1228658317479146


