# Created by Octave 4.2.2, Sat Jan 19 20:18:19 2019 CET <meike@Irmchen>
# name: omega
# type: matrix
# rows: 2
# columns: 1
 0.2311597653614301
 0.1228658317479146


