# Created by Octave 4.0.0, Mon Jul 23 15:04:23 2018 UTC <ubuntu@lsat>
# name: omega
# type: matrix
# rows: 3
# columns: 1
 -0.04358834594143524
 0.1590025352584459
 0.08562297325393287


