# Created by Octave 4.0.0, Tue Jul 24 14:57:52 2018 UTC <ubuntu@lsat>
# name: omega
# type: matrix
# rows: 3
# columns: 1
 -0.147740479663526
 0.2010981985734276
 0.1097878064746199


