# Created by Octave 4.2.2, Thu Jan 17 22:34:29 2019 CET <meike@Irmchen>
# name: omega
# type: matrix
# rows: 3
# columns: 1
 -0.1103256308136004
 0.2121704325124973
 0.1675267023129563


