# Created by Octave 4.0.0, Fri Jul 20 13:12:36 2018 UTC <ubuntu@lsat>
# name: omega
# type: matrix
# rows: 3
# columns: 1
 -0.02896447675992337
 0.2699491155195178
 0.09859932796388068


