# Created by Octave 4.0.0, Wed Aug 08 02:34:27 2018 UTC <ubuntu@lsat>
# name: omega
# type: matrix
# rows: 5
# columns: 1
 0.09697737449262683
 0.1915126462764858
 0.007106845464402736
 0.2004637879678488
 0.1804976134802332


