# Created by Octave 4.0.0, Wed Aug 08 18:51:52 2018 UTC <ubuntu@lsat>
# name: omega
# type: matrix
# rows: 5
# columns: 1
 0.1548540769390124
 0.201327100161845
 0.003523916627098446
 0.2049394954452079
 0.1927784066037872


