# Created by Octave 4.2.2, Tue May 15 14:26:50 2018 CEST <mzehlike@cit0566>
# name: omega
# type: matrix
# rows: 5
# columns: 1
 0.002890504219430732
 -0.01581565636858502
 -0.026436947073236
 0.01839161417257718
 0.0415576176904694


