# Created by Octave 4.2.2, Wed May 16 19:00:30 2018 CEST <mzehlike@cit0566>
# name: omega
# type: matrix
# rows: 5
# columns: 1
 0.002408902296710285
 -0.01445348024836781
 -0.02675361259674915
 0.01885530088205166
 0.04158418233662953


