# Created by Octave 4.2.2, Wed May 16 16:43:25 2018 CEST <mzehlike@cit0566>
# name: omega
# type: matrix
# rows: 5
# columns: 1
 -0.04145388216480402
 -0.04377359940198772
 -0.0163576221008977
 -0.01645401848934348
 0.05736375888159687


