# Created by Octave 4.2.2, Wed May 16 21:20:47 2018 CEST <mzehlike@cit0566>
# name: omega
# type: matrix
# rows: 5
# columns: 1
 0.004731745919348434
 -0.01419032261838141
 -0.0263913603771895
 0.01664127036252509
 0.04150072283394575


