# Created by Octave 4.2.2, Wed May 16 17:26:32 2018 CEST <mzehlike@cit0566>
# name: omega
# type: matrix
# rows: 5
# columns: 1
 -0.05155551537046926
 -0.07653790900743535
 -0.01820013847600749
 -0.00994885734196666
 0.05930467352159072


