# Created by Octave 4.0.0, Wed Aug 08 06:16:31 2018 UTC <ubuntu@lsat>
# name: omega
# type: matrix
# rows: 4
# columns: 1
 0.2259861750953621
 0.006500842308204683
 0.187680364600526
 0.1778918614961316


