# Created by Octave 4.0.0, Sat Jan 12 10:41:36 2019 CET <gina@Jesus>
# name: omega
# type: matrix
# rows: 5
# columns: 1
 0.07088840578318907
 0.08834196940861028
 0.002543852280551067
 0.09774651756888043
 0.08574537690189124


