# Created by Octave 4.2.2, Mon Jul 23 14:14:19 2018 CEST <mzehlike@cit0566>
# name: omega
# type: matrix
# rows: 2
# columns: 1
 0.1636398428822506
 0.130784556573209


