# Created by Octave 4.2.2, Sat Apr 04 14:57:41 2020 UTC <meike@brain09>
# name: omega
# type: matrix
# rows: 6
# columns: 1
 -0.001410797456696949
 0.001893657446582945
 -0.003265003161688917
 -0.01409573877768229
 0.02785412141734138
 0.02494576128043549


