# Created by Octave 4.2.2, Thu Apr 23 13:00:16 2020 UTC <meike@brain09>
# name: omega
# type: matrix
# rows: 6
# columns: 1
 9.882877029912442e-05
 -0.02410958928419665
 -0.00169571840686511
 -0.01785580559084378
 0.05416662631897646
 0.02432044185034606


