# Created by Octave 4.0.0, Tue May 15 15:54:46 2018 CEST <meike@ws119692>
# name: omega
# type: matrix
# rows: 6
# columns: 1
 -0.003998144822262304
 0.01530979197910059
 0.01644096886579581
 -0.003963552115455369
 0.02664684292436557
 0.02484519129745514


