# Created by Octave 4.0.0, Sat Aug 11 09:22:34 2018 UTC <ubuntu@trec-big>
# name: omega
# type: matrix
# rows: 5
# columns: 1
 -0.02320067807618479
 0.001550025320108996
 -0.09840553461663894
 0.05182578011390471
 0.02669213132538683


