# Created by Octave 4.2.2, Sat Apr 04 16:44:58 2020 UTC <meike@brain09>
# name: omega
# type: matrix
# rows: 5
# columns: 1
 -0.1847757169014285
 0.003486118788518822
 -0.1134716408924206
 0.21212605956514
 0.02841016305450039


