# Created by Octave 4.0.0, Wed Aug 08 07:15:01 2018 UTC <ubuntu@lsat>
# name: omega
# type: matrix
# rows: 5
# columns: 1
 0.1834399877721419
 0.2261294662609148
 0.005407225920394597
 0.1843897263095486
 0.1948001128205678


