# Created by Octave 4.2.2, Sat Apr 04 13:37:58 2020 UTC <meike@brain09>
# name: omega
# type: matrix
# rows: 6
# columns: 1
 -0.4000925730239236
 0.003087663868822809
 0.01275462738388348
 -0.02236353835195354
 0.03219554129559415
 0.02749373357944294


