# Created by Octave 4.0.0, Sat Jan 12 04:14:05 2019 CET <gina@Jesus>
# name: omega
# type: matrix
# rows: 5
# columns: 1
 0.1545109424307453
 0.08563489190758562
 0.01610346928408963
 0.08149837354283603
 0.08512233287125379


