# Created by Octave 4.0.0, Wed Aug 08 09:11:44 2018 UTC <ubuntu@lsat>
# name: omega
# type: matrix
# rows: 5
# columns: 1
 0.1842984697376118
 0.226136905077449
 0.005395123613898962
 0.1843587237996698
 0.1949135866336336


