# Created by Octave 4.0.0, Sun Aug 12 04:26:02 2018 UTC <ubuntu@lsat>
# name: omega
# type: matrix
# rows: 5
# columns: 1
 0.1376824946486091
 0.1953473087378182
 0.003696820135917417
 0.2178178326054108
 0.1843180753829006


