# Created by Octave 4.0.0, Wed Aug 08 15:22:38 2018 UTC <ubuntu@lsat>
# name: omega
# type: matrix
# rows: 5
# columns: 1
 0.1349349596854267
 0.1953016159519016
 0.003796822037491286
 0.2179580943373537
 0.1839602924343956


