# Created by Octave 4.0.0, Fri May 11 13:41:44 2018 CEST <meike@ws119692>
# name: omega
# type: matrix
# rows: 2
# columns: 1
 -0.4029584915618764
 -0.8464261819829551


