# Created by Octave 4.0.0, Fri Jan 11 19:57:22 2019 CET <gina@Jesus>
# name: omega
# type: matrix
# rows: 5
# columns: 1
 -0.0699733838135262
 0.08986611431133704
 0.008224613914948947
 0.07588241956743257
 0.08443894247340045


