# Created by Octave 4.0.0, Mon Aug 13 04:42:16 2018 UTC <ubuntu@trec-big>
# name: omega
# type: matrix
# rows: 5
# columns: 1
 -0.02745010214670391
 0.0006146876873594826
 -0.0880319207840828
 0.05604155329231243
 0.02674203614308876


