# Created by Octave 4.2.2, Sun Apr 05 01:49:03 2020 UTC <meike@brain09>
# name: omega
# type: matrix
# rows: 5
# columns: 1
 -0.1857950289454387
 0.002355279368621762
 -0.1015240248481137
 0.2131399356139148
 0.02842036727800491


