# Created by Octave 4.2.2, Fri May 11 08:09:29 2018 CEST <mzehlike@cit0566>
# name: omega
# type: matrix
# rows: 5
# columns: 1
 -0.0688193520365797
 -0.07947252550918367
 -0.0251310585880758
 -0.05196576158358313
 -0.07227424843223157


