# Created by Octave 4.2.2, Tue May 15 08:44:59 2018 CEST <mzehlike@cit0566>
# name: omega
# type: matrix
# rows: 5
# columns: 1
 -0.07485639463062269
 0.2104195719685968
 0.04214613437106549
 0.1833526976046529
 0.1821677339087679


