# Created by Octave 4.0.0, Thu Jan 17 14:04:27 2019 CET <gina@Jesus>
# name: omega
# type: matrix
# rows: 6
# columns: 1
 -0.1663048657335107
 -0.03540138605474998
 0.0207949585203802
 -0.003401425233885824
 0.07605442136429263
 0.03048930681673237


