# Created by Octave 4.0.0, Mon Dec 31 07:09:57 2018 CET <gina@Jesus>
# name: omega
# type: matrix
# rows: 6
# columns: 1
 -0.1671406547674982
 -0.03162671539407933
 0.02091832944238022
 -0.004085000676463043
 0.07232740039926455
 0.0304452540675121


