# Created by Octave 4.2.2, Sun Apr 05 03:34:31 2020 UTC <meike@brain09>
# name: omega
# type: matrix
# rows: 5
# columns: 1
 -0.2265528193515945
 0.0149294634481048
 -0.03586372652853768
 0.2627374812326984
 0.03196977442635535


