# Created by Octave 4.0.0, Sun Dec 30 04:24:40 2018 CET <gina@Jesus>
# name: omega
# type: matrix
# rows: 5
# columns: 1
 0.3261636600172155
 2.276892494962044
 -0.3473177596824839
 1.163614279537959
 1.430262720331313


