# Created by Octave 4.0.0, Sat Dec 29 05:38:11 2018 CET <gina@Jesus>
# name: omega
# type: matrix
# rows: 4
# columns: 1
 2.30211362186245
 -0.3259712562273306
 1.171738049250939
 1.374657911905657


