# Created by Octave 4.0.0, Tue Aug 07 16:58:46 2018 UTC <ubuntu@lsat>
# name: omega
# type: matrix
# rows: 4
# columns: 1
 0.2194078581687786
 0.009732505646208214
 0.1936309650748196
 0.1729111772794174


