# Created by Octave 4.0.0, Mon Jul 23 13:08:23 2018 UTC <ubuntu@trec-big>
# name: omega
# type: matrix
# rows: 3
# columns: 1
 -0.0843441682526931
 0.1370548509564187
 0.146321353015016


