# Created by Octave 4.0.0, Wed Aug 08 21:11:09 2018 UTC <ubuntu@lsat>
# name: omega
# type: matrix
# rows: 5
# columns: 1
 0.1481625041197632
 0.2122446831203257
 0.02718522842597299
 0.2002932502059072
 0.1939120979926011


