# Created by Octave 4.0.0, Sun Aug 12 13:19:13 2018 UTC <ubuntu@lsat>
# name: omega
# type: matrix
# rows: 5
# columns: 1
 0.1509958636136782
 0.2122882114964637
 0.02711339532912154
 0.2000265589145623
 0.1943786749785688


