# Created by Octave 4.0.0, Wed Aug 08 22:08:37 2018 UTC <ubuntu@lsat>
# name: omega
# type: matrix
# rows: 5
# columns: 1
 0.1484159446602854
 0.212248582124241
 0.02717884981474728
 0.2002693449272208
 0.1939538065081348


