# Created by Octave 4.0.0, Thu Aug 09 11:22:43 2018 UTC <ubuntu@lsat>
# name: omega
# type: matrix
# rows: 2
# columns: 1
 -0.2881803493740893
 0.240216687691946


