# Created by Octave 4.0.0, Wed Aug 08 13:43:51 2018 UTC <ubuntu@lsat>
# name: omega
# type: matrix
# rows: 2
# columns: 1
 -0.05551988069912264
 0.04752858682666691


