# Created by Octave 4.0.0, Thu Aug 09 11:43:55 2018 UTC <ubuntu@lsat>
# name: omega
# type: matrix
# rows: 2
# columns: 1
 -0.3239561128745631
 0.3350349754646056


