# Created by Octave 4.0.0, Mon May 14 18:22:41 2018 CEST <meike@ws119692>
# name: omega
# type: matrix
# rows: 2
# columns: 1
 -0.07865916785454027
 0.7385456112366803


