# Created by Octave 4.2.2, Mon May 28 18:01:14 2018 CEST <mzehlike@cit0566>
# name: omega
# type: matrix
# rows: 2
# columns: 1
 -0.2775024817486963
 0.2557220027795463


