# Created by Octave 4.2.2, Mon May 14 13:00:10 2018 CEST <mzehlike@cit0566>
# name: omega
# type: matrix
# rows: 2
# columns: 1
 0.01326314564437968
 0.8847695093468145


