# Created by Octave 4.0.0, Fri May 11 13:24:17 2018 CEST <meike@ws119692>
# name: omega
# type: matrix
# rows: 2
# columns: 1
 0.08979603834355634
 -0.873751856485273


