# Created by Octave 4.2.2, Mon May 14 12:43:29 2018 CEST <mzehlike@cit0566>
# name: omega
# type: matrix
# rows: 2
# columns: 1
 0.0652252937987033
 0.8215391853871834


