# Created by Octave 4.0.0, Fri May 25 04:52:57 2018 CEST <meike@ws119692>
# name: omega
# type: matrix
# rows: 6
# columns: 1
 -0.006760420475139353
 -0.02125265791017296
 -0.01285799205460432
 0.002286114045939185
 0.02553315480724712
 0.03018473154364889


