# Created by Octave 4.2.2, Tue May 29 08:42:12 2018 CEST <mzehlike@cit0566>
# name: omega
# type: matrix
# rows: 6
# columns: 1
 0.0001906817856760053
 -0.02201755247096237
 -0.01272882802658885
 0.002218275697704177
 0.02642124090403273
 0.02997072258433868


