# Created by Octave 4.0.0, Tue May 15 14:12:30 2018 CEST <meike@ws119692>
# name: omega
# type: matrix
# rows: 6
# columns: 1
 -0.02084785238168027
 0.009297657447408163
 0.01485699437713366
 -0.002850654753188366
 0.02565564366670301
 0.03143016228233941


