# Created by Octave 4.0.0, Mon Dec 31 02:23:33 2018 CET <gina@Jesus>
# name: omega
# type: matrix
# rows: 6
# columns: 1
 -0.1681453682378922
 -0.03329887500970954
 0.02187545583267312
 -0.01391347640937595
 0.073999136852157
 0.03046906768257588


