# Created by Octave 4.2.2, Sat Apr 04 18:30:48 2020 UTC <meike@brain09>
# name: omega
# type: matrix
# rows: 5
# columns: 1
 -0.2265476745395067
 0.01597511718472955
 -0.04692925036975198
 0.2627301316940887
 0.0319697516544897


