# Created by Octave 4.0.0, Thu Jan 17 09:13:00 2019 CET <gina@Jesus>
# name: omega
# type: matrix
# rows: 6
# columns: 1
 -0.167302436109575
 -0.03390581008662057
 0.02168072584556409
 -0.01266536845741624
 0.07458589727414419
 0.03047439437007719


