# Created by Octave 4.2.2, Fri May 11 16:17:32 2018 CEST <mzehlike@cit0566>
# name: omega
# type: matrix
# rows: 2
# columns: 1
 0.01190771759505708
 -0.3915216327388954


