# Created by Octave 4.0.0, Sat Aug 11 05:06:19 2018 UTC <ubuntu@trec-big>
# name: omega
# type: matrix
# rows: 6
# columns: 1
 -0.001293655206170162
 -0.0275404811453762
 -0.003195624566013329
 -0.02098200651615965
 0.05701186331399199
 0.02528483193518495


