# Created by Octave 4.0.0, Thu Aug 16 11:42:55 2018 UTC <ubuntu@lsat>
# name: omega
# type: matrix
# rows: 6
# columns: 1
 -0.4003280869803074
 -0.03204137317148049
 0.01555531089570519
 -0.03706353921078374
 0.06703678617989564
 0.02793511114648374


