# Created by Octave 4.0.0, Wed Aug 08 02:59:58 2018 UTC <ubuntu@lsat>
# name: omega
# type: matrix
# rows: 4
# columns: 1
 0.2116856564900124
 0.02970402586261446
 0.208675070280049
 0.1772187401519887


