# Created by Octave 4.0.0, Tue Jan 15 10:42:52 2019 CET <gina@Jesus>
# name: omega
# type: matrix
# rows: 6
# columns: 1
 -0.3859952792231545
 0.003353070887284529
 0.007203506875729689
 -0.04362385294297731
 0.01082726069450258
 0.3197008655763079


