# Created by Octave 4.0.0, Sat Jan 12 12:40:23 2019 CET <gina@Jesus>
# name: omega
# type: matrix
# rows: 5
# columns: 1
 0.07576307335703213
 0.09093567774154514
 0.002009000326236299
 0.09004702220140692
 0.08896383542629488


