# Created by Octave 4.2.2, Thu Apr 23 20:52:59 2020 UTC <meike@brain09>
# name: omega
# type: matrix
# rows: 6
# columns: 1
 0.001136780666985507
 -0.003221092522821597
 -0.001695228391273505
 -0.02592492123827966
 -0.009601287485784151
 0.2771576150083276


