# Created by Octave 4.0.0, Tue Jul 24 18:16:49 2018 UTC <ubuntu@trec-big>
# name: omega
# type: matrix
# rows: 3
# columns: 1
 0.1999082510430153
 0.2266919453848181
 0.06803626936012537


