# Created by Octave 4.0.0, Fri Jan 11 18:14:44 2019 CET <gina@Jesus>
# name: omega
# type: matrix
# rows: 3
# columns: 1
 0.2770646949032772
 0.04379630432361715
 0.03402269461411533


