# Created by Octave 4.0.0, Sat Dec 29 01:08:17 2018 CET <gina@Jesus>
# name: omega
# type: matrix
# rows: 4
# columns: 1
 2.325048565735389
 -0.3450414324662429
 1.156419790109426
 1.380820888622212


