# Created by Octave 4.0.0, Sat Dec 29 22:32:42 2018 CET <gina@Jesus>
# name: omega
# type: matrix
# rows: 5
# columns: 1
 0.8923045986423456
 2.30509564931726
 -0.3499510541185977
 1.281658272330064
 1.274052528205082


