# Created by Octave 4.0.0, Sun Dec 30 00:25:56 2018 CET <gina@Jesus>
# name: omega
# type: matrix
# rows: 3
# columns: 1
 -0.02984974462306029
 0.06732705276537859
 0.02435993067713734


