# Created by Octave 4.0.0, Sat Dec 29 22:56:00 2018 CET <gina@Jesus>
# name: omega
# type: matrix
# rows: 3
# columns: 1
 -0.03552956264894271
 0.04345558305745485
 0.03172513133871601


