# Created by Octave 4.0.0, Tue May 15 18:22:03 2018 CEST <meike@ws119692>
# name: omega
# type: matrix
# rows: 5
# columns: 1
 0.05270005856314504
 0.2095908282858094
 0.04089442451281503
 0.1821498214688187
 0.1816037658196331


