# Created by Octave 4.0.0, Tue May 15 20:19:48 2018 CEST <meike@ws119692>
# name: omega
# type: matrix
# rows: 5
# columns: 1
 0.1479392484157464
 0.2202575400831226
 0.03320159265195759
 0.1825822783961534
 0.1883391608669238


