# Created by Octave 4.0.0, Sat Jan 12 00:09:28 2019 CET <gina@Jesus>
# name: omega
# type: matrix
# rows: 3
# columns: 1
 0.1504982750309672
 0.06323987359523596
 0.02542683553882977


