# Created by Octave 4.0.0, Sat Jan 12 09:43:19 2019 CET <gina@Jesus>
# name: omega
# type: matrix
# rows: 5
# columns: 1
 0.1381431919173908
 0.08455235139817818
 0.001960052683460529
 0.09628238355633187
 0.08724541195083906


