# Created by Octave 4.0.0, Wed Jul 25 13:19:46 2018 UTC <ubuntu@lsat>
# name: omega
# type: matrix
# rows: 3
# columns: 1
 0.05795725437609194
 0.1723531438047483
 0.1299582767615146


