# Created by Octave 4.0.0, Tue Jan 15 01:21:25 2019 CET <gina@Jesus>
# name: omega
# type: matrix
# rows: 6
# columns: 1
 -0.3838002462428552
 -0.02992704242434535
 0.01470029223129718
 -0.03193002864874957
 0.06571963807366514
 0.02583215272624822


