# Created by Octave 4.2.2, Sun Apr 05 16:06:07 2020 UTC <meike@brain09>
# name: omega
# type: matrix
# rows: 5
# columns: 1
 -0.1719904682811302
 0.002538556481254695
 -0.09905263780143841
 0.2003953243289557
 0.02633056790123329


