# Created by Octave 4.0.0, Wed Aug 08 09:36:18 2018 UTC <ubuntu@lsat>
# name: omega
# type: matrix
# rows: 4
# columns: 1
 0.2194078641330969
 0.009732504548635742
 0.1936309541521997
 0.1729111866038881


