# Created by Octave 4.0.0, Mon Jan 14 05:12:14 2019 CET <gina@Jesus>
# name: omega
# type: matrix
# rows: 6
# columns: 1
 0.1287278463500432
 -0.03077685858990007
 0.01615772906612232
 -0.0146638783919374
 0.07102331605305268
 0.02981680508718164


