# Created by Octave 4.2.2, Sun Apr 05 05:20:24 2020 UTC <meike@brain09>
# name: omega
# type: matrix
# rows: 5
# columns: 1
 -0.2459356253227575
 0.0218375799136119
 0.008437008659028767
 0.2870832132994823
 0.03250297725071058


