# Created by Octave 4.0.0, Mon Aug 13 00:27:48 2018 UTC <ubuntu@trec-big>
# name: omega
# type: matrix
# rows: 6
# columns: 1
 -0.001277995102485062
 -0.02255709634187109
 -0.003270312662303043
 -0.02285310169540161
 0.05205093347543759
 0.02522432901979283


