# Created by Octave 4.0.0, Sat Dec 29 19:50:52 2018 CET <gina@Jesus>
# name: omega
# type: matrix
# rows: 5
# columns: 1
 0.8435811282513577
 1.457578985731713
 -0.3624492547414764
 2.024394663090444
 1.370897873745088


