# Created by Octave 4.0.0, Sat Dec 29 00:13:55 2018 CET <gina@Jesus>
# name: omega
# type: matrix
# rows: 4
# columns: 1
 1.437776906671368
 -0.354141124883324
 1.86702447682447
 1.491275871083558


