# Created by Octave 4.0.0, Mon Aug 13 21:13:10 2018 UTC <ubuntu@trec-big>
# name: omega
# type: matrix
# rows: 5
# columns: 1
 -0.02357051597545384
 0.0006773083262341181
 -0.08427325359108336
 0.05314406033032459
 0.02475740513972875


