# Created by Octave 4.2.2, Sun Apr 05 10:48:58 2020 UTC <meike@brain09>
# name: omega
# type: matrix
# rows: 5
# columns: 1
 -0.1720657521766856
 0.002538573412562292
 -0.09905259673976008
 0.2004700537858879
 0.02633129296286147


