# Created by Octave 4.0.0, Mon Jan 14 09:52:26 2019 CET <gina@Jesus>
# name: omega
# type: matrix
# rows: 6
# columns: 1
 -0.4017064652286795
 -0.02846100475229328
 0.0147707540628394
 -0.0278800740588584
 0.06351275133822984
 0.02788887889675883


