# Created by Octave 4.2.2, Sun Apr 05 07:05:30 2020 UTC <meike@brain09>
# name: omega
# type: matrix
# rows: 5
# columns: 1
 -0.1846503246470192
 0.002102891378578032
 -0.098850491039811
 0.2120064157654419
 0.02840481273998456


