# Created by Octave 4.2.2, Thu Apr 23 14:58:07 2020 UTC <meike@brain09>
# name: omega
# type: matrix
# rows: 6
# columns: 1
 0.0007226534990032699
 -0.02419300600776923
 -0.001790236264518842
 -0.01908252429349485
 0.05422831608486377
 0.02426918931192967


