# Created by Octave 4.2.2, Sun Apr 05 00:01:25 2020 UTC <meike@brain09>
# name: omega
# type: matrix
# rows: 6
# columns: 1
 -0.001388105943178135
 0.001208198119754654
 -0.003575029455563308
 -0.01614707561502143
 0.0285092151643863
 0.02495113605494047


