# Created by Octave 4.0.0, Wed May 16 21:17:07 2018 CEST <meike@ws119692>
# name: omega
# type: matrix
# rows: 6
# columns: 1
 -0.3501087510524348
 0.004427365612857678
 -0.006496604610955007
 -0.01522814194837182
 0.02422236347941345
 0.0371846433364517


