# Created by Octave 4.0.0, Wed Aug 08 12:30:51 2018 UTC <ubuntu@lsat>
# name: omega
# type: matrix
# rows: 5
# columns: 1
 0.1474515032061874
 0.2210080943743508
 0.00897507709376392
 0.1899047393041638
 0.1857052963548036


