# Created by Octave 4.0.0, Fri May 11 23:09:29 2018 CEST <meike@ws119692>
# name: omega
# type: matrix
# rows: 5
# columns: 1
 -0.01803066604955352
 -0.07161810585252029
 -0.02658535986285756
 -0.05235298727946511
 -0.07044942919784301


