# Created by Octave 4.0.0, Tue May 15 18:23:04 2018 CEST <meike@ws119692>
# name: omega
# type: matrix
# rows: 5
# columns: 1
 0.09927243307485074
 0.2058174751760849
 0.03428980531847992
 0.1850638648064534
 0.1810750221327814


