# Created by Octave 4.2.2, Sat May 12 20:15:14 2018 CEST <mzehlike@cit0566>
# name: omega
# type: matrix
# rows: 5
# columns: 1
 -0.06881935203813361
 -0.0794725255092375
 -0.02513105858802716
 -0.05196576158351837
 -0.07227424843240349


