# Created by Octave 4.2.2, Sat Apr 04 05:54:54 2020 UTC <meike@brain09>
# name: omega
# type: matrix
# rows: 6
# columns: 1
 -0.001407057223902282
 -0.0005162764757072518
 -0.002727556991344215
 -0.01587132233300407
 0.03029969196460393
 0.02498204992028804


