# Created by Octave 4.2.2, Thu Apr 23 11:02:53 2020 UTC <meike@brain09>
# name: omega
# type: matrix
# rows: 6
# columns: 1
 0.001199575388453891
 -0.02256018055649349
 -3.073488960809855e-05
 -0.02914039202060159
 0.05264526958834865
 0.02436238272808576


