# Created by Octave 4.2.2, Sun Apr 05 08:24:47 2020 UTC <meike@brain09>
# name: omega
# type: matrix
# rows: 6
# columns: 1
 -0.01661249023496906
 -0.003405586044811535
 -0.01270683896879542
 -0.03444040011901655
 0.03210978771099956
 0.02601193852636631


