# Created by Octave 4.0.0, Tue Aug 14 12:54:42 2018 UTC <ubuntu@lsat>
# name: omega
# type: matrix
# rows: 6
# columns: 1
 -0.01627337214416922
 -0.02708372273818754
 -0.01172986200283748
 -0.05716688630550137
 0.05548437593070282
 0.02629489395898138


