# Created by Octave 4.0.0, Wed Aug 08 19:16:29 2018 UTC <ubuntu@lsat>
# name: omega
# type: matrix
# rows: 4
# columns: 1
 0.2116856640733347
 0.02970402944695487
 0.2086750507281776
 0.1772187523491121


