# Created by Octave 4.0.0, Wed Aug 08 08:13:34 2018 UTC <ubuntu@lsat>
# name: omega
# type: matrix
# rows: 5
# columns: 1
 0.1833709390116877
 0.2261288819633084
 0.00540823317142546
 0.1843921760174431
 0.194790983411357


