# Created by Octave 4.0.0, Sat Aug 11 19:17:58 2018 UTC <ubuntu@lsat>
# name: omega
# type: matrix
# rows: 5
# columns: 1
 0.1860293230155781
 0.2261517100545818
 0.005370150594681775
 0.1842969052972307
 0.1951425930977781


