# Created by Octave 4.0.0, Tue Aug 07 18:36:29 2018 UTC <ubuntu@trec-big>
# name: omega
# type: matrix
# rows: 5
# columns: 1
 -0.02925708014097821
 0.002705448728164029
 -0.1156763869858398
 0.05781796839752427
 0.02676355377107021


