# Created by Octave 4.0.0, Thu Jul 26 23:32:33 2018 UTC <ubuntu@lsat>
# name: omega
# type: matrix
# rows: 6
# columns: 1
 -0.01416198164566587
 -0.1185354498315318
 -0.1131292228832611
 -0.08348094604029138
 -0.1112552660868232
 0.243114305966621


