# Created by Octave 4.0.0, Wed May 16 21:49:29 2018 CEST <meike@ws119692>
# name: omega
# type: matrix
# rows: 5
# columns: 1
 0.1253004953956345
 0.2118443964615349
 0.02854422141305587
 0.2018417997676644
 0.1898054325898474


