# Created by Octave 4.2.2, Wed May 16 22:29:26 2018 CEST <mzehlike@cit0566>
# name: omega
# type: matrix
# rows: 5
# columns: 1
 0.148713386798953
 0.1953451435379428
 0.038324975590025
 0.1874245074728363
 0.1788486059241229


