# Created by Octave 4.0.0, Wed Jul 25 22:04:15 2018 UTC <ubuntu@trec-big>
# name: omega
# type: matrix
# rows: 6
# columns: 1
 -0.0009663927790708588
 -0.01096387859670333
 -0.00870323867213452
 -0.03194679338428245
 -0.01254741883394695
 0.286487159454434


