# Created by Octave 4.0.0, Wed Aug 08 14:14:56 2018 UTC <ubuntu@lsat>
# name: omega
# type: matrix
# rows: 2
# columns: 1
 -0.05133724160053049
 0.04177942025321583


