# Created by Octave 4.0.0, Thu Aug 09 11:53:21 2018 UTC <ubuntu@lsat>
# name: omega
# type: matrix
# rows: 2
# columns: 1
 -0.167450247119932
 0.3207142253373603


