# Created by Octave 4.0.0, Thu Aug 09 12:23:31 2018 UTC <ubuntu@lsat>
# name: omega
# type: matrix
# rows: 2
# columns: 1
 0.04528803674042952
 0.212598863857089


