# Created by Octave 4.2.2, Mon May 14 17:57:20 2018 CEST <mzehlike@cit0566>
# name: omega
# type: matrix
# rows: 2
# columns: 1
 0.2696143983659162
 1.016660171481737


