# Created by Octave 4.2.2, Mon May 14 18:20:28 2018 CEST <mzehlike@cit0566>
# name: omega
# type: matrix
# rows: 2
# columns: 1
 0.2692633069515208
 1.016088098887669


