# Created by Octave 4.2.2, Fri Apr 20 19:32:12 2018 CEST <mzehlike@cit0566>
# name: omega
# type: matrix
# rows: 2
# columns: 1
 0.3366443412941006
 -0.3554439875619849


