# Created by Octave 4.2.2, Thu Apr 19 16:02:58 2018 CEST <mzehlike@cit0566>
# name: omega
# type: matrix
# rows: 100
# columns: 1
 -0.002165075254586254
 0.01001934320894421
 0.007771701176521972
 0.003885729870904971
 0.005521476089080296
 -0.005037378748532179
 -0.001947228601288493
 -0.001683536299604334
 0.007502137076239739
 0.009889614673574859
 0.02298486175335636
 0.005621651862296429
 0.005661904766398438
 0.002674664589921323
 0.006366451132145391
 -0.004532827778476529
 -0.009281678696334155
 0.009670035119163114
 0.009798855658114726
 0.00199684587345596
 0.001833874797847066
 0.007193835945647942
 0.01554946571791116
 -0.001360661067633976
 0.002415515799804878
 0.007635847762683297
 0.005821515838074066
 0.01337891435345803
 0.01703811566204458
 -0.004451198279906971
 0.007251082894201654
 0.007261224826984428
 -0.009167136994434078
 0.01651951015479651
 0.007950519517839809
 0.001364674498512527
 0.02027285338512463
 0.01171268843584234
 -0.001595998741211857
 -0.002965526708298174
 -0.007342815593528632
 0.0186415571845436
 0.007906493378435632
 0.001450806061011416
 0.002065316449095125
 0.009454118561797478
 -0.003438281934846307
 0.01812894068721948
 0.01631498835343978
 0.009756780690757524
 0.01633916266207357
 0.004105289664856179
 0.01266061248454063
 0.005090802102691249
 -0.003644328320861732
 -0.01318043849733938
 0.01304152901874318
 0.001790207967250946
 -0.00426255071865025
 -0.01534918718901153
 0.006020218145911658
 0.001188974594460866
 0.007297213389316756
 0.004030865899984665
 0.009561672812217661
 0.02010351740479208
 0.002945378340613672
 -0.0066948105049502
 0.003288738039970374
 0.006743917619016788
 -0.009477433942873767
 -0.004145537872124483
 -0.004677521484325747
 0.01256196223186944
 0.006805689280267109
 -0.005107433454186478
 0.004937117646565784
 0.01166641443110797
 -0.0104603897779616
 0.001612721282811609
 -0.01264955001938654
 0.008489585218025716
 0.007916587787442683
 0.01433817000017007
 -0.002602616817539573
 0.01253768628026581
 -0.009335330730514861
 0.01148831399595784
 0.003714212039062392
 0.01517878155606499
 0.004464225732529985
 0.005598393348108568
 0.01125663283951143
 0.01007825403389854
 -0.006195783346509635
 0.01090236766791101
 0.01760730002035226
 -0.005351839317599867
 0.00718952391514514
 0.004397567757555588


