# Created by Octave 4.0.0, Wed Jul 25 13:22:57 2018 UTC <ubuntu@lsat>
# name: omega
# type: matrix
# rows: 3
# columns: 1
 0.196836245788812
 0.2265388545846595
 0.06805183516184397


