# Created by Octave 4.0.0, Fri Jan 11 14:41:56 2019 CET <gina@Jesus>
# name: omega
# type: matrix
# rows: 5
# columns: 1
 -0.06419449408792877
 0.09305520295327344
 0.004779991961236911
 0.07541197135601348
 0.08436989829114636


