# Created by Octave 4.0.0, Wed Jul 25 13:35:50 2018 UTC <ubuntu@lsat>
# name: omega
# type: matrix
# rows: 3
# columns: 1
 0.1400929480330936
 0.1557248515718665
 0.1336538782299359


