# Created by Octave 4.2.2, Sat Apr 04 04:34:55 2020 UTC <meike@brain09>
# name: omega
# type: matrix
# rows: 6
# columns: 1
 -0.3913974526143522
 0.001094427030517195
 0.01181400649639178
 -0.01476755369917547
 0.0340526356189237
 0.02750002998524923


