# Created by Octave 4.0.0, Thu Aug 09 09:44:41 2018 UTC <ubuntu@trec-big>
# name: omega
# type: matrix
# rows: 6
# columns: 1
 -0.001222115280965824
 -0.02573965704890404
 -0.001408631170082098
 -0.03017509291386547
 0.05531330579744942
 0.02526998576632876


