# Created by Octave 4.2.2, Sat Apr 04 22:02:18 2020 UTC <meike@brain09>
# name: omega
# type: matrix
# rows: 5
# columns: 1
 -0.1845188112690216
 0.003237615975829933
 -0.1108367954091607
 0.2118738258514957
 0.02840310209818705


