# Created by Octave 4.0.0, Mon Jan 14 00:35:58 2019 CET <gina@Jesus>
# name: omega
# type: matrix
# rows: 6
# columns: 1
 -0.4029608118934135
 -0.0337733166818831
 0.01577190078683347
 -0.03814761203246327
 0.06879217006515838
 0.02795817184156992


