# Created by Octave 4.2.2, Mon Apr 06 01:05:20 2020 UTC <meike@brain09>
# name: omega
# type: matrix
# rows: 5
# columns: 1
 0.004620308761985331
 0.001660492157730602
 -0.1146315851061835
 0.007711663380984138
 0.3986619429495934


