# Created by Octave 4.0.0, Fri May 11 17:09:40 2018 CEST <meike@ws119692>
# name: omega
# type: matrix
# rows: 5
# columns: 1
 0.07034283742171736
 -0.07219731445083828
 -0.02890040481779044
 -0.05181566971595861
 -0.07068657767854451


