# Created by Octave 4.2.2, Fri May 11 17:12:53 2018 CEST <mzehlike@cit0566>
# name: omega
# type: matrix
# rows: 5
# columns: 1
 -0.06881935203412864
 -0.07947252550909872
 -0.02513105858815246
 -0.05196576158368533
 -0.07227424843196034


