# Created by Octave 4.0.0, Tue May 15 12:03:18 2018 CEST <meike@ws119692>
# name: omega
# type: matrix
# rows: 5
# columns: 1
 -0.1521908731688488
 0.2087603038633018
 0.04193281994317184
 0.1823340721358391
 0.1819399899010371


