# Created by Octave 4.2.2, Thu May 03 16:17:34 2018 CEST <mzehlike@cit0566>
# name: omega
# type: matrix
# rows: 2
# columns: 1
 8.701111589091354
 3.045970972358321


