# Created by Octave 4.0.0, Sat Jan 12 22:01:07 2019 CET <gina@Jesus>
# name: omega
# type: matrix
# rows: 6
# columns: 1
 0.1283922214851189
 -0.02988339268987969
 0.01596497352404275
 -0.01285655680558446
 0.07014261281329487
 0.02981012172725762


