# Created by Octave 4.2.2, Sat Apr 04 02:10:34 2020 UTC <meike@brain09>
# name: omega
# type: matrix
# rows: 5
# columns: 1
 -0.2451923741937409
 0.01993479338862437
 0.02858899813677561
 0.2863465355179104
 0.03250182943622472


