# Created by Octave 4.0.0, Fri Jan 11 22:41:02 2019 CET <gina@Jesus>
# name: omega
# type: matrix
# rows: 5
# columns: 1
 0.1794301483357735
 0.08140536750075408
 0.005092402963925453
 0.09729031665332889
 0.08394494900466157


