# Created by Octave 4.0.0, Sat Jan 12 11:43:25 2019 CET <gina@Jesus>
# name: omega
# type: matrix
# rows: 5
# columns: 1
 0.1406918009349337
 0.08769752046343549
 0.001783935857233553
 0.08883620128056162
 0.09014276044572164


