# Created by Octave 4.0.0, Sun Jan 13 13:13:07 2019 CET <gina@Jesus>
# name: omega
# type: matrix
# rows: 5
# columns: 1
 0.1580805025793769
 0.0923188135053377
 0.00334452739603188
 0.07715734513225482
 0.08580261001990183


