# Created by Octave 4.0.0, Fri Jan 11 12:02:27 2019 CET <gina@Jesus>
# name: omega
# type: matrix
# rows: 5
# columns: 1
 0.1580809218956552
 0.09231885683775413
 0.003344512275349288
 0.0771573817232989
 0.08580257354064859


