# Created by Octave 4.0.0, Wed Aug 08 15:53:39 2018 UTC <ubuntu@lsat>
# name: omega
# type: matrix
# rows: 4
# columns: 1
 0.1990917547004106
 0.005124318405032148
 0.2091276061853412
 0.1773942112934398


