# Created by Octave 4.2.2, Thu May 10 05:33:59 2018 CEST <mzehlike@cit0566>
# name: omega
# type: matrix
# rows: 5
# columns: 1
 0.07230390429570362
 -1.484899761765256
 -0.4761475007197429
 -0.4056296414152548
 -1.73870871230068


