# Created by Octave 4.2.2, Thu May 10 18:30:39 2018 CEST <mzehlike@cit0566>
# name: omega
# type: matrix
# rows: 5
# columns: 1
 0.07632292332364721
 -0.3114754095242276
 -0.3204178526879494
 -0.3932062863623717
 -0.3079457895691167


