# Created by Octave 4.2.2, Thu May 10 13:24:49 2018 CEST <mzehlike@cit0566>
# name: omega
# type: matrix
# rows: 5
# columns: 1
 0.07732069848949541
 -0.06393789528556969
 -0.08316166933852168
 -0.1236670745595585
 -0.06841266981463871


