# Created by Octave 4.2.2, Thu May 10 05:28:32 2018 CEST <mzehlike@cit0566>
# name: omega
# type: matrix
# rows: 5
# columns: 1
 -0.07456481171055314
 -1.761701328067804
 -0.4389808289143368
 -0.4152196788626222
 -1.901097693370301


