# Created by Octave 4.0.0, Wed Jul 25 13:33:30 2018 UTC <ubuntu@lsat>
# name: omega
# type: matrix
# rows: 3
# columns: 1
 0.3283259679097791
 0.1935017735785607
 0.1036189385819231


