# Created by Octave 4.2.2, Sat Jan 19 04:20:52 2019 CET <meike@Irmchen>
# name: omega
# type: matrix
# rows: 3
# columns: 1
 NaN
 NaN
 NaN


