# Created by Octave 4.2.2, Fri Jan 18 15:59:11 2019 CET <meike@Irmchen>
# name: omega
# type: matrix
# rows: 3
# columns: 1
 0.6325711340921129
 0.2678219813359138
 0.1474568143190268


