# Created by Octave 4.2.2, Sat Jan 19 22:15:35 2019 CET <meike@Irmchen>
# name: omega
# type: matrix
# rows: 3
# columns: 1
 0.384592259937833
 0.1924225099261054
 0.1026896561495444


