# Created by Octave 4.0.0, Tue Jul 24 17:37:47 2018 UTC <ubuntu@lsat>
# name: omega
# type: matrix
# rows: 3
# columns: 1
 0.3679483603407321
 0.1935669464282745
 0.1035282368411757


