# Created by Octave 4.2.2, Tue May 08 17:05:45 2018 CEST <mzehlike@cit0566>
# name: omega
# type: matrix
# rows: 100
# columns: 1
 -0.02455192853596645
 0.03006214855049126
 0.03475071278029081
 -0.03078537812754086
 0.00716124192303812
 -0.07745538968354584
 -0.01251746815077559
 -0.0719475962766388
 0.04770234161813954
 0.05125334134138053
 0.1082279376222586
 0.03537738047380384
 0.03862870660494047
 -0.001293011081102666
 0.02109735200682726
 -0.09736245431514591
 -0.1257641645400706
 0.05886710963045145
 0.0813627821369847
 -0.0006567999945916143
 -0.01771731402289729
 0.0217876799931481
 0.06498600627402641
 -0.08215846407103519
 0.02492750706867864
 0.04170151971785598
 -0.001209774429449994
 0.09948868607260891
 0.1175903052780569
 -0.06478511599691976
 0.04425388315602203
 -0.008451129385551422
 -0.07710246203302321
 0.06599783797620765
 0.01446840618685027
 -0.05012147789677419
 0.1758434377700023
 0.03205197397294283
 -0.05131475080593034
 -0.05388252279536235
 -0.08775233065318377
 0.1565941822740995
 -0.003031787767164988
 -0.04121968480247462
 -0.03765202431874792
 -0.01448364620109026
 -0.1169121180579183
 0.1515194860294787
 0.1325528074808513
 0.01409635966964883
 0.1036856091387923
 0.0351515689148612
 0.03315080158697924
 -0.0313822492725685
 -0.07240980658952258
 -0.1833200827504844
 0.09792685501038897
 -0.02848297185226881
 -0.07446446131245243
 -0.1487404395578224
 -0.0241336599295762
 -0.0711386421860818
 0.01153260241150356
 -0.02613451889881958
 0.05806358076593891
 0.0975376343895364
 -0.03773454255638298
 -0.07512952012995076
 0.02230037370961901
 0.05073745871301058
 -0.1268023435029667
 -0.03005414449979866
 -0.1002218613644396
 0.06253062417527769
 0.06063911374046902
 -0.1124045758985209
 -0.01873573208958812
 0.03678062812352129
 -0.1266167764601515
 0.01483606922252993
 -0.1612884695952652
 0.06197926902093123
 -0.01134758559114744
 0.05966747222186507
 -0.04950380004568627
 0.02549268998361038
 -0.08642840511458701
 0.02816391209546327
 -0.01453121501685734
 0.07061833752306927
 -0.02711350550129746
 0.0193317552750806
 0.04753432777637733
 0.03650803650456797
 -0.08014101831125242
 0.07615567718784433
 0.06863189827427324
 -0.05203400463106921
 0.02145273983806048
 -0.0243177960884274


