query_id,position,score,protAttr
1,2715,0.05731821553116578,0
1,2716,0.05731821553116578,0
1,2912,0.05731821553116578,0
1,1006,0.05690893363762554,0
1,290,0.0518789141718233,0
1,897,0.0518789141718233,0
1,1143,0.0518789141718233,0
1,1195,0.0518789141718233,0
1,67,0.0510603503847429,0
1,245,0.0510603503847429,0
1,1300,0.0510603503847429,0
1,1601,0.0510603503847429,0
1,1723,0.0510603503847429,0
1,2205,0.0510603503847429,0
1,2605,0.0510603503847429,0
1,2700,0.0510603503847429,0
1,2776,0.0510603503847429,0
1,2886,0.0510603503847429,0
1,2972,0.0510603503847429,0
1,2982,0.0510603503847429,0
1,23,0.05024178659766251,0
1,471,0.05024178659766251,0
1,475,0.05024178659766251,0
1,514,0.05024178659766251,0
1,910,0.05024178659766251,0
1,1037,0.05024178659766251,0
1,1141,0.05024178659766251,0
1,1169,0.05024178659766251,0
1,1870,0.05024178659766251,0
1,2022,0.05024178659766251,0
1,2050,0.05024178659766251,0
1,2731,0.05024178659766251,0
1,2851,0.05024178659766251,0
1,3004,0.05024178659766251,0
1,3066,0.05024178659766251,0
1,3129,0.05024178659766251,0
1,3345,0.05024178659766251,0
1,3444,0.05024178659766251,0
1,3546,0.05024178659766251,0
1,3718,0.05024178659766251,0
1,133,0.04942322281058213,0
1,244,0.04942322281058213,0
1,349,0.04942322281058213,0
1,465,0.04942322281058213,0
1,548,0.04942322281058213,0
1,685,0.04942322281058213,0
1,1071,0.04942322281058213,0
1,1309,0.04942322281058213,0
1,1416,0.04942322281058213,0
1,2093,0.04942322281058213,0
1,2122,0.04942322281058213,0
1,2365,0.04942322281058213,0
1,2995,0.04942322281058213,0
1,3077,0.04942322281058213,0
1,3182,0.04942322281058213,0
1,3452,0.04942322281058213,0
1,502,0.04398392145123975,0
1,1172,0.04398392145123975,0
1,2766,0.04398392145123975,0
1,3421,0.04398392145123975,0
1,468,0.04316535766415934,0
1,488,0.04316535766415934,0
1,586,0.04316535766415934,0
1,621,0.04316535766415934,0
1,665,0.04316535766415934,0
1,896,0.04316535766415934,0
1,1396,0.04316535766415934,0
1,1479,0.04316535766415934,0
1,1828,0.04316535766415934,0
1,1946,0.04316535766415934,0
1,2202,0.04316535766415934,0
1,2244,0.04316535766415934,0
1,2305,0.04316535766415934,0
1,2306,0.04316535766415934,0
1,2333,0.04316535766415934,0
1,2401,0.04316535766415934,0
1,3166,0.04316535766415934,0
1,3195,0.04316535766415934,0
1,3304,0.04316535766415934,0
1,1908,0.0427560757706191,0
1,2004,0.0427560757706191,0
1,27,0.042346793877078966,0
1,33,0.042346793877078966,0
1,164,0.042346793877078966,0
1,269,0.042346793877078966,0
1,353,0.042346793877078966,0
1,355,0.042346793877078966,0
1,384,0.042346793877078966,0
1,742,0.042346793877078966,0
1,799,0.042346793877078966,0
1,859,0.042346793877078966,0
1,1126,0.042346793877078966,0
1,1218,0.042346793877078966,0
1,1281,0.042346793877078966,0
1,1326,0.042346793877078966,0
1,1771,0.042346793877078966,0
1,1775,0.042346793877078966,0
1,1818,0.042346793877078966,0
1,1883,0.042346793877078966,0
1,1996,0.042346793877078966,0
1,2199,0.042346793877078966,0
1,2215,0.042346793877078966,0
1,2373,0.042346793877078966,0
1,2463,0.042346793877078966,0
1,2730,0.042346793877078966,0
1,3037,0.042346793877078966,0
1,3071,0.042346793877078966,0
1,3178,0.042346793877078966,0
1,3180,0.042346793877078966,0
1,3456,0.042346793877078966,0
1,3589,0.042346793877078966,0
1,3685,0.042346793877078966,0
1,3694,0.042346793877078966,0
1,114,0.04152823008999856,0
1,306,0.04152823008999856,0
1,1901,0.04152823008999856,0
1,2148,0.04152823008999856,0
1,3573,0.04152823008999856,0
1,185,0.036088928730656084,0
1,438,0.036088928730656084,0
1,862,0.036088928730656084,0
1,3239,0.036088928730656084,0
1,3348,0.036088928730656084,0
1,2086,0.035679646837115934,0
1,343,0.035270364943575785,0
1,786,0.035270364943575785,0
1,942,0.035270364943575785,0
1,1113,0.035270364943575785,0
1,1279,0.035270364943575785,0
1,1313,0.035270364943575785,0
1,1408,0.035270364943575785,0
1,1530,0.035270364943575785,0
1,1543,0.035270364943575785,0
1,1621,0.035270364943575785,0
1,1796,0.035270364943575785,0
1,2125,0.035270364943575785,0
1,2178,0.035270364943575785,0
1,2328,0.035270364943575785,0
1,2629,0.035270364943575785,0
1,2648,0.035270364943575785,0
1,2705,0.035270364943575785,0
1,2828,0.035270364943575785,0
1,2847,0.035270364943575785,0
1,2967,0.035270364943575785,0
1,3186,0.035270364943575785,0
1,253,0.03445180115649539,0
1,642,0.03445180115649539,0
1,766,0.03445180115649539,0
1,881,0.03445180115649539,0
1,905,0.03445180115649539,0
1,1709,0.03445180115649539,0
1,1765,0.03445180115649539,0
1,1976,0.03445180115649539,0
1,2024,0.03445180115649539,0
1,2043,0.03445180115649539,0
1,2337,0.03445180115649539,0
1,2374,0.03445180115649539,0
1,2656,0.03445180115649539,0
1,3205,0.03445180115649539,0
1,2350,0.03404251926295515,0
1,3121,0.03404251926295515,0
1,409,0.03363323736941504,0
1,906,0.03363323736941504,0
1,2526,0.03363323736941504,0
1,256,0.0281939360100725,0
1,483,0.0281939360100725,0
1,1685,0.0281939360100725,0
1,1708,0.0281939360100725,0
1,1737,0.0281939360100725,0
1,1825,0.0281939360100725,0
1,2078,0.0281939360100725,0
1,2247,0.0281939360100725,0
1,2741,0.0281939360100725,0
1,2909,0.0281939360100725,0
1,3109,0.0281939360100725,0
1,3369,0.0281939360100725,0
1,3458,0.0281939360100725,0
1,3623,0.0281939360100725,0
1,554,0.02778465411653237,0
1,1386,0.02778465411653237,0
1,272,0.02737537222299213,0
1,364,0.02737537222299213,0
1,600,0.02737537222299213,0
1,806,0.02737537222299213,0
1,992,0.02737537222299213,0
1,995,0.02737537222299213,0
1,1147,0.02737537222299213,0
1,1150,0.02737537222299213,0
1,1232,0.02737537222299213,0
1,1411,0.02737537222299213,0
1,1571,0.02737537222299213,0
1,1592,0.02737537222299213,0
1,1830,0.02737537222299213,0
1,1831,0.02737537222299213,0
1,2131,0.02737537222299213,0
1,2161,0.02737537222299213,0
1,2230,0.02737537222299213,0
1,2281,0.02737537222299213,0
1,2368,0.02737537222299213,0
1,2727,0.02737537222299213,0
1,2750,0.02737537222299213,0
1,2773,0.02737537222299213,0
1,2876,0.02737537222299213,0
1,2917,0.02737537222299213,0
1,2918,0.02737537222299213,0
1,2921,0.02737537222299213,0
1,3022,0.02737537222299213,0
1,3190,0.02737537222299213,0
1,3242,0.02737537222299213,0
1,3306,0.02737537222299213,0
1,347,0.02696609032945198,0
1,3339,0.02696609032945198,0
1,673,0.02655680843591184,0
1,794,0.02655680843591184,0
1,1057,0.02655680843591184,0
1,1480,0.02655680843591184,0
1,1917,0.02655680843591184,0
1,1997,0.02655680843591184,0
1,2616,0.02655680843591184,0
1,2980,0.02655680843591184,0
1,3277,0.02655680843591184,0
1,412,0.021117507076569342,0
1,560,0.021117507076569342,0
1,1877,0.021117507076569342,0
1,3012,0.0208138089104011,0
1,160,0.02070822518302912,0
1,85,0.02029894328948895,0
1,175,0.02029894328948895,0
1,289,0.02029894328948895,0
1,562,0.02029894328948895,0
1,753,0.02029894328948895,0
1,765,0.02029894328948895,0
1,949,0.02029894328948895,0
1,1066,0.02029894328948895,0
1,1291,0.02029894328948895,0
1,1638,0.02029894328948895,0
1,1841,0.02029894328948895,0
1,2124,0.02029894328948895,0
1,2359,0.02029894328948895,0
1,2389,0.02029894328948895,0
1,2466,0.02029894328948895,0
1,2475,0.02029894328948895,0
1,2572,0.02029894328948895,0
1,2760,0.02029894328948895,0
1,2823,0.02029894328948895,0
1,3350,0.02029894328948895,0
1,158,0.019889661395948808,0
1,7,0.01948037950240857,0
1,36,0.01948037950240857,0
1,459,0.01948037950240857,0
1,720,0.01948037950240857,0
1,750,0.01948037950240857,0
1,884,0.01948037950240857,0
1,1017,0.01948037950240857,0
1,1133,0.01948037950240857,0
1,1190,0.01948037950240857,0
1,1290,0.01948037950240857,0
1,1312,0.01948037950240857,0
1,1502,0.01948037950240857,0
1,1558,0.01948037950240857,0
1,1597,0.01948037950240857,0
1,1668,0.01948037950240857,0
1,1772,0.01948037950240857,0
1,2065,0.01948037950240857,0
1,2187,0.01948037950240857,0
1,2232,0.01948037950240857,0
1,2242,0.01948037950240857,0
1,2388,0.01948037950240857,0
1,2452,0.01948037950240857,0
1,2481,0.01948037950240857,0
1,2685,0.01948037950240857,0
1,2720,0.01948037950240857,0
1,2906,0.01948037950240857,0
1,2997,0.01948037950240857,0
1,3360,0.01948037950240857,0
1,3542,0.01948037950240857,0
1,3567,0.01948037950240857,0
1,416,0.01866181571532817,0
1,947,0.01866181571532817,0
1,1507,0.01866181571532817,0
1,1784,0.01866181571532817,0
1,2461,0.01866181571532817,0
1,2949,0.01866181571532817,0
1,3381,0.018146950094416033,0
1,1261,0.0140410781430661,0
1,148,0.01322251435598579,0
1,576,0.01322251435598579,0
1,620,0.01322251435598579,0
1,1116,0.01322251435598579,0
1,1385,0.01322251435598579,0
1,2414,0.01322251435598579,0
1,2947,0.01322251435598579,0
1,510,0.01240395056890538,0
1,628,0.01240395056890538,0
1,657,0.01240395056890538,0
1,668,0.01240395056890538,0
1,1236,0.01240395056890538,0
1,1272,0.01240395056890538,0
1,1294,0.01240395056890538,0
1,1308,0.01240395056890538,0
1,1587,0.01240395056890538,0
1,1666,0.01240395056890538,0
1,1713,0.01240395056890538,0
1,1916,0.01240395056890538,0
1,1969,0.01240395056890538,0
1,2169,0.01240395056890538,0
1,2217,0.01240395056890538,0
1,2226,0.01240395056890538,0
1,2492,0.01240395056890538,0
1,2668,0.01240395056890538,0
1,2725,0.01240395056890538,0
1,2737,0.01240395056890538,0
1,2755,0.01240395056890538,0
1,2950,0.01240395056890538,0
1,3308,0.01240395056890538,0
1,3322,0.01240395056890538,0
1,3489,0.01240395056890538,0
1,3563,0.01240395056890538,0
1,656,0.011585386781825002,0
1,672,0.011585386781825002,0
1,821,0.011585386781825002,0
1,899,0.011585386781825002,0
1,1614,0.011585386781825002,0
1,1657,0.011585386781825002,0
1,1810,0.011585386781825002,0
1,1856,0.011585386781825002,0
1,1868,0.011585386781825002,0
1,1934,0.011585386781825002,0
1,2045,0.011585386781825002,0
1,2216,0.011585386781825002,0
1,2270,0.011585386781825002,0
1,2303,0.011585386781825002,0
1,2325,0.011585386781825002,0
1,2376,0.011585386781825002,0
1,2379,0.011585386781825002,0
1,2453,0.011585386781825002,0
1,2457,0.011585386781825002,0
1,2677,0.011585386781825002,0
1,2732,0.011585386781825002,0
1,2814,0.011585386781825002,0
1,3144,0.011585386781825002,0
1,3342,0.011585386781825002,0
1,3478,0.011585386781825002,0
1,3550,0.011585386781825002,0
1,3727,0.011585386781825002,0
1,365,0.01076682299474463,0
1,371,0.01076682299474463,0
1,1161,0.01076682299474463,0
1,1451,0.01076682299474463,0
1,1863,0.01076682299474463,0
1,2681,0.01076682299474463,0
1,2827,0.01076682299474463,0
1,2924,0.01076682299474463,0
1,3093,0.01076682299474463,0
1,184,0.0053275216354021215,0
1,1880,0.0053275216354021215,0
1,1896,0.0053275216354021215,0
1,1952,0.0053275216354021215,0
1,2220,0.0053275216354021215,0
1,2825,0.0053275216354021215,0
1,2869,0.0053275216354021215,0
1,3272,0.0053275216354021215,0
1,3518,0.0053275216354021215,0
1,1510,0.004918239741861986,0
1,96,0.004508957848321832,0
1,204,0.004508957848321832,0
1,233,0.004508957848321832,0
1,425,0.004508957848321832,0
1,540,0.004508957848321832,0
1,622,0.004508957848321832,0
1,648,0.004508957848321832,0
1,851,0.004508957848321832,0
1,1142,0.004508957848321832,0
1,1156,0.004508957848321832,0
1,1198,0.004508957848321832,0
1,1770,0.004508957848321832,0
1,2067,0.004508957848321832,0
1,2203,0.004508957848321832,0
1,2214,0.004508957848321832,0
1,2273,0.004508957848321832,0
1,2293,0.004508957848321832,0
1,2642,0.004508957848321832,0
1,2663,0.004508957848321832,0
1,2726,0.004508957848321832,0
1,3047,0.004508957848321832,0
1,3425,0.004508957848321832,0
1,3487,0.004508957848321832,0
1,3495,0.004508957848321832,0
1,3614,0.004508957848321832,0
1,155,0.003690394061241442,0
1,463,0.003690394061241442,0
1,1117,0.003690394061241442,0
1,1360,0.003690394061241442,0
1,1994,0.003690394061241442,0
1,2180,0.003690394061241442,0
1,2552,0.003690394061241442,0
1,2649,0.003690394061241442,0
1,2712,0.003690394061241442,0
1,3214,0.003690394061241442,0
1,3714,0.003690394061241442,0
1,2407,0.0032811121677012033,0
1,234,-0.002567471085181447,0
1,356,-0.002567471085181447,0
1,618,-0.002567471085181447,0
1,813,-0.002567471085181447,0
1,1240,-0.002567471085181447,0
1,1314,-0.002567471085181447,0
1,1550,-0.002567471085181447,0
1,1905,-0.002567471085181447,0
1,2142,-0.002567471085181447,0
1,2334,-0.002567471085181447,0
1,2531,-0.002567471085181447,0
1,2903,-0.002567471085181447,0
1,2936,-0.002567471085181447,0
1,3099,-0.002567471085181447,0
1,3249,-0.002567471085181447,0
1,3428,-0.002567471085181447,0
1,3520,-0.002567471085181447,0
1,3642,-0.002567471085181447,0
1,71,-0.0033860348722618283,0
1,72,-0.0033860348722618283,0
1,101,-0.0033860348722618283,0
1,525,-0.0033860348722618283,0
1,557,-0.0033860348722618283,0
1,733,-0.0033860348722618283,0
1,844,-0.0033860348722618283,0
1,1100,-0.0033860348722618283,0
1,1138,-0.0033860348722618283,0
1,1469,-0.0033860348722618283,0
1,1539,-0.0033860348722618283,0
1,1644,-0.0033860348722618283,0
1,1800,-0.0033860348722618283,0
1,1801,-0.0033860348722618283,0
1,2074,-0.0033860348722618283,0
1,2219,-0.0033860348722618283,0
1,2239,-0.0033860348722618283,0
1,2248,-0.0033860348722618283,0
1,2514,-0.0033860348722618283,0
1,2751,-0.0033860348722618283,0
1,3019,-0.0033860348722618283,0
1,3295,-0.0033860348722618283,0
1,3482,-0.0033860348722618283,0
1,3524,-0.0033860348722618283,0
1,3738,-0.0033860348722618283,0
1,481,-0.0037953167658019774,0
1,213,-0.0042045986593421255,0
1,247,-0.0042045986593421255,0
1,1211,-0.0042045986593421255,0
1,1225,-0.0042045986593421255,0
1,1670,-0.0042045986593421255,0
1,2166,-0.0042045986593421255,0
1,2190,-0.0042045986593421255,0
1,2752,-0.0042045986593421255,0
1,3138,-0.0042045986593421255,0
1,3410,-0.0042045986593421255,0
1,1208,-0.004613880552882366,0
1,1886,-0.004613880552882366,0
1,242,-0.00964390001868462,0
1,575,-0.00964390001868462,0
1,1080,-0.00964390001868462,0
1,2561,-0.00964390001868462,0
1,2643,-0.00964390001868462,0
1,174,-0.010462463805765,0
1,779,-0.010462463805765,0
1,1109,-0.010462463805765,0
1,1288,-0.010462463805765,0
1,1552,-0.010462463805765,0
1,1609,-0.010462463805765,0
1,2162,-0.010462463805765,0
1,2309,-0.010462463805765,0
1,2708,-0.010462463805765,0
1,2826,-0.010462463805765,0
1,2983,-0.010462463805765,0
1,3016,-0.010462463805765,0
1,3082,-0.010462463805765,0
1,3215,-0.010462463805765,0
1,3293,-0.010462463805765,0
1,3468,-0.010462463805765,0
1,3625,-0.010462463805765,0
1,3629,-0.010462463805765,0
1,1252,-0.01087174569930514,0
1,194,-0.0112810275928454,0
1,246,-0.0112810275928454,0
1,447,-0.0112810275928454,0
1,534,-0.0112810275928454,0
1,542,-0.0112810275928454,0
1,894,-0.0112810275928454,0
1,920,-0.0112810275928454,0
1,985,-0.0112810275928454,0
1,1069,-0.0112810275928454,0
1,1146,-0.0112810275928454,0
1,1593,-0.0112810275928454,0
1,1599,-0.0112810275928454,0
1,2094,-0.0112810275928454,0
1,2130,-0.0112810275928454,0
1,2218,-0.0112810275928454,0
1,2313,-0.0112810275928454,0
1,2479,-0.0112810275928454,0
1,2565,-0.0112810275928454,0
1,2595,-0.0112810275928454,0
1,2631,-0.0112810275928454,0
1,2796,-0.0112810275928454,0
1,2999,-0.0112810275928454,0
1,3038,-0.0112810275928454,0
1,3101,-0.0112810275928454,0
1,3115,-0.0112810275928454,0
1,3744,-0.0112810275928454,0
1,2250,-0.01169030948638554,0
1,125,-0.012099591379925759,0
1,978,-0.012099591379925759,0
1,994,-0.012099591379925759,0
1,1083,-0.012099591379925759,0
1,1187,-0.012099591379925759,0
1,1327,-0.012099591379925759,0
1,1392,-0.012099591379925759,0
1,1762,-0.012099591379925759,0
1,2207,-0.012099591379925759,0
1,2430,-0.012099591379925759,0
1,2632,-0.012099591379925759,0
1,2684,-0.012099591379925759,0
1,3000,-0.012099591379925759,0
1,263,-0.017538892739268168,0
1,305,-0.017538892739268168,0
1,541,-0.017538892739268168,0
1,727,-0.017538892739268168,0
1,833,-0.017538892739268168,0
1,1987,-0.017538892739268168,0
1,2491,-0.017538892739268168,0
1,3547,-0.017538892739268168,0
1,3596,-0.017538892739268168,0
1,3748,-0.017538892739268168,0
1,20,-0.01835745652634857,0
1,191,-0.01835745652634857,0
1,397,-0.01835745652634857,0
1,802,-0.01835745652634857,0
1,863,-0.01835745652634857,0
1,903,-0.01835745652634857,0
1,941,-0.01835745652634857,0
1,961,-0.01835745652634857,0
1,1046,-0.01835745652634857,0
1,1346,-0.01835745652634857,0
1,1361,-0.01835745652634857,0
1,1376,-0.01835745652634857,0
1,1486,-0.01835745652634857,0
1,1682,-0.01835745652634857,0
1,1750,-0.01835745652634857,0
1,1815,-0.01835745652634857,0
1,1822,-0.01835745652634857,0
1,1932,-0.01835745652634857,0
1,2073,-0.01835745652634857,0
1,2211,-0.01835745652634857,0
1,2317,-0.01835745652634857,0
1,2370,-0.01835745652634857,0
1,2589,-0.01835745652634857,0
1,2613,-0.01835745652634857,0
1,2734,-0.01835745652634857,0
1,2928,-0.01835745652634857,0
1,3140,-0.01835745652634857,0
1,3142,-0.01835745652634857,0
1,3213,-0.01835745652634857,0
1,3401,-0.01835745652634857,0
1,3461,-0.01835745652634857,0
1,3696,-0.01835745652634857,0
1,352,-0.01917602031342895,0
1,361,-0.01917602031342895,0
1,445,-0.01917602031342895,0
1,603,-0.01917602031342895,0
1,741,-0.01917602031342895,0
1,1016,-0.01917602031342895,0
1,1092,-0.01917602031342895,0
1,1131,-0.01917602031342895,0
1,1567,-0.01917602031342895,0
1,1783,-0.01917602031342895,0
1,1812,-0.01917602031342895,0
1,1897,-0.01917602031342895,0
1,1962,-0.01917602031342895,0
1,2272,-0.01917602031342895,0
1,2276,-0.01917602031342895,0
1,2545,-0.01917602031342895,0
1,2838,-0.01917602031342895,0
1,3192,-0.01917602031342895,0
1,3307,-0.01917602031342895,0
1,3604,-0.01917602031342895,0
1,1106,-0.01958530220696909,0
1,3387,-0.01958530220696909,0
1,3480,-0.01958530220696909,0
1,3656,-0.01958530220696909,0
1,252,-0.019994584100509333,0
1,1634,-0.02461532167277147,0
1,2274,-0.02461532167277147,0
1,208,-0.02543388545985183,0
1,296,-0.02543388545985183,0
1,442,-0.02543388545985183,0
1,638,-0.02543388545985183,0
1,775,-0.02543388545985183,0
1,1122,-0.02543388545985183,0
1,1265,-0.02543388545985183,0
1,1540,-0.02543388545985183,0
1,1672,-0.02543388545985183,0
1,1873,-0.02543388545985183,0
1,2041,-0.02543388545985183,0
1,2785,-0.02543388545985183,0
1,2935,-0.02543388545985183,0
1,3689,-0.02543388545985183,0
1,537,-0.026252449246932118,0
1,1178,-0.026252449246932118,0
1,1468,-0.026252449246932118,0
1,1498,-0.026252449246932118,0
1,1948,-0.026252449246932118,0
1,2011,-0.026252449246932118,0
1,2101,-0.026252449246932118,0
1,2141,-0.026252449246932118,0
1,2265,-0.026252449246932118,0
1,2288,-0.026252449246932118,0
1,2295,-0.026252449246932118,0
1,2470,-0.026252449246932118,0
1,2562,-0.026252449246932118,0
1,2573,-0.026252449246932118,0
1,2819,-0.026252449246932118,0
1,2885,-0.026252449246932118,0
1,2954,-0.026252449246932118,0
1,3053,-0.026252449246932118,0
1,3123,-0.026252449246932118,0
1,3243,-0.026252449246932118,0
1,3338,-0.026252449246932118,0
1,3359,-0.026252449246932118,0
1,3483,-0.026252449246932118,0
1,3329,-0.026661731140472367,0
1,3528,-0.026661731140472367,0
1,702,-0.02707101303401252,0
1,846,-0.02707101303401252,0
1,1129,-0.02707101303401252,0
1,1289,-0.02707101303401252,0
1,1444,-0.02707101303401252,0
1,1457,-0.02707101303401252,0
1,1596,-0.02707101303401252,0
1,2091,-0.02707101303401252,0
1,2112,-0.02707101303401252,0
1,2197,-0.02707101303401252,0
1,2593,-0.02707101303401252,0
1,2985,-0.02707101303401252,0
1,3174,-0.02707101303401252,0
1,3723,-0.02707101303401252,0
1,2064,-0.02788957682109289,0
1,729,-0.032510314393355035,0
1,2809,-0.032510314393355035,0
1,2849,-0.032510314393355035,0
1,2382,-0.03281401255952325,0
1,74,-0.0333288781804354,0
1,337,-0.0333288781804354,0
1,469,-0.0333288781804354,0
1,492,-0.0333288781804354,0
1,513,-0.0333288781804354,0
1,952,-0.0333288781804354,0
1,965,-0.0333288781804354,0
1,1062,-0.0333288781804354,0
1,1134,-0.0333288781804354,0
1,1175,-0.0333288781804354,0
1,1284,-0.0333288781804354,0
1,1450,-0.0333288781804354,0
1,1918,-0.0333288781804354,0
1,2311,-0.0333288781804354,0
1,2458,-0.0333288781804354,0
1,2473,-0.0333288781804354,0
1,2842,-0.0333288781804354,0
1,3476,-0.0333288781804354,0
1,3549,-0.0333288781804354,0
1,3620,-0.0333288781804354,0
1,3707,-0.0333288781804354,0
1,2150,-0.03373816007397554,0
1,2521,-0.03373816007397554,0
1,2619,-0.03373816007397554,0
1,2769,-0.03373816007397554,0
1,66,-0.03414744196751579,0
1,192,-0.03414744196751579,0
1,433,-0.03414744196751579,0
1,646,-0.03414744196751579,0
1,671,-0.03414744196751579,0
1,734,-0.03414744196751579,0
1,1022,-0.03414744196751579,0
1,1047,-0.03414744196751579,0
1,1221,-0.03414744196751579,0
1,2338,-0.03414744196751579,0
1,2411,-0.03414744196751579,0
1,2503,-0.03414744196751579,0
1,2603,-0.03414744196751579,0
1,3732,-0.03414744196751579,0
1,832,-0.03455672386105593,0
1,580,-0.03496600575459606,0
1,1124,-0.03496600575459606,0
1,1283,-0.03496600575459606,0
1,1335,-0.03496600575459606,0
1,1743,-0.03496600575459606,0
1,2145,-0.03496600575459606,0
1,2699,-0.03496600575459606,0
1,2984,-0.03496600575459606,0
1,3046,-0.03496600575459606,0
1,3154,-0.03496600575459606,0
1,1271,-0.03958674332685816,0
1,2651,-0.03958674332685816,0
1,651,-0.04040530711393858,0
1,1054,-0.04040530711393858,0
1,1136,-0.04040530711393858,0
1,2323,-0.04040530711393858,0
1,2438,-0.04040530711393858,0
1,3111,-0.04040530711393858,0
1,366,-0.04122387090101895,0
1,411,-0.04122387090101895,0
1,500,-0.04122387090101895,0
1,745,-0.04122387090101895,0
1,782,-0.04122387090101895,0
1,791,-0.04122387090101895,0
1,1144,-0.04122387090101895,0
1,1435,-0.04122387090101895,0
1,1617,-0.04122387090101895,0
1,1680,-0.04122387090101895,0
1,1857,-0.04122387090101895,0
1,2209,-0.04122387090101895,0
1,2292,-0.04122387090101895,0
1,2343,-0.04122387090101895,0
1,2381,-0.04122387090101895,0
1,2402,-0.04122387090101895,0
1,2758,-0.04122387090101895,0
1,2960,-0.04122387090101895,0
1,3088,-0.04122387090101895,0
1,3171,-0.04122387090101895,0
1,3218,-0.04122387090101895,0
1,3238,-0.04122387090101895,0
1,3270,-0.04122387090101895,0
1,3559,-0.04122387090101895,0
1,3743,-0.04122387090101895,0
1,2532,-0.0416331527945591,0
1,84,-0.04204243468809934,0
1,781,-0.04204243468809934,0
1,811,-0.04204243468809934,0
1,996,-0.04204243468809934,0
1,1068,-0.04204243468809934,0
1,1139,-0.04204243468809934,0
1,1266,-0.04204243468809934,0
1,1276,-0.04204243468809934,0
1,1372,-0.04204243468809934,0
1,1443,-0.04204243468809934,0
1,1577,-0.04204243468809934,0
1,1673,-0.04204243468809934,0
1,1707,-0.04204243468809934,0
1,1734,-0.04204243468809934,0
1,2116,-0.04204243468809934,0
1,2335,-0.04204243468809934,0
1,2437,-0.04204243468809934,0
1,2478,-0.04204243468809934,0
1,2633,-0.04204243468809934,0
1,2636,-0.04204243468809934,0
1,2650,-0.04204243468809934,0
1,2693,-0.04204243468809934,0
1,2710,-0.04204243468809934,0
1,2719,-0.04204243468809934,0
1,2736,-0.04204243468809934,0
1,2875,-0.04204243468809934,0
1,3143,-0.04204243468809934,0
1,3222,-0.04204243468809934,0
1,3373,-0.04204243468809934,0
1,3558,-0.04204243468809934,0
1,3594,-0.04204243468809934,0
1,1055,-0.04245171658163949,0
1,309,-0.04286099847517973,0
1,395,-0.04286099847517973,0
1,2341,-0.04286099847517973,0
1,2433,-0.04286099847517973,0
1,2781,-0.04286099847517973,0
1,788,-0.048300299834522116,0
1,1595,-0.048300299834522116,0
1,2398,-0.048300299834522116,0
1,2709,-0.048300299834522116,0
1,3702,-0.048300299834522116,0
1,3148,-0.04870958172806238,0
1,15,-0.04911886362160252,0
1,479,-0.04911886362160252,0
1,960,-0.04911886362160252,0
1,1160,-0.04911886362160252,0
1,1162,-0.04911886362160252,0
1,1182,-0.04911886362160252,0
1,1210,-0.04911886362160252,0
1,1293,-0.04911886362160252,0
1,1334,-0.04911886362160252,0
1,1509,-0.04911886362160252,0
1,1696,-0.04911886362160252,0
1,1774,-0.04911886362160252,0
1,1989,-0.04911886362160252,0
1,2042,-0.04911886362160252,0
1,2330,-0.04911886362160252,0
1,2412,-0.04911886362160252,0
1,2607,-0.04911886362160252,0
1,2743,-0.04911886362160252,0
1,2797,-0.04911886362160252,0
1,2925,-0.04911886362160252,0
1,3160,-0.04911886362160252,0
1,3198,-0.04911886362160252,0
1,3209,-0.04911886362160252,0
1,3284,-0.04911886362160252,0
1,3333,-0.04911886362160252,0
1,3537,-0.04911886362160252,0
1,3644,-0.04911886362160252,0
1,57,-0.049528145515142764,0
1,664,-0.049528145515142764,0
1,1859,-0.049528145515142764,0
1,2068,-0.049528145515142764,0
1,8,-0.04993742740868291,0
1,251,-0.04993742740868291,0
1,374,-0.04993742740868291,0
1,549,-0.04993742740868291,0
1,735,-0.04993742740868291,0
1,902,-0.04993742740868291,0
1,922,-0.04993742740868291,0
1,970,-0.04993742740868291,0
1,1050,-0.04993742740868291,0
1,1253,-0.04993742740868291,0
1,1342,-0.04993742740868291,0
1,1367,-0.04993742740868291,0
1,1439,-0.04993742740868291,0
1,1517,-0.04993742740868291,0
1,1669,-0.04993742740868291,0
1,1930,-0.04993742740868291,0
1,2001,-0.04993742740868291,0
1,2020,-0.04993742740868291,0
1,2070,-0.04993742740868291,0
1,2380,-0.04993742740868291,0
1,2448,-0.04993742740868291,0
1,2667,-0.04993742740868291,0
1,2815,-0.04993742740868291,0
1,2831,-0.04993742740868291,0
1,2861,-0.04993742740868291,0
1,3137,-0.04993742740868291,0
1,3168,-0.04993742740868291,0
1,264,-0.05034670930222306,0
1,345,-0.05075599119576329,0
1,1336,-0.05075599119576329,0
1,3031,-0.05075599119576329,0
1,54,-0.05537672876802543,0
1,2418,-0.05537672876802543,0
1,2654,-0.05537672876802543,0
1,2932,-0.05537672876802543,0
1,1834,-0.05568042693419364,0
1,368,-0.05619529255510578,0
1,1127,-0.05619529255510578,0
1,1320,-0.05619529255510578,0
1,1572,-0.05619529255510578,0
1,2427,-0.05619529255510578,0
1,2762,-0.05619529255510578,0
1,2864,-0.05619529255510578,0
1,3010,-0.05619529255510578,0
1,3090,-0.05619529255510578,0
1,928,-0.056604574448645924,0
1,1214,-0.056604574448645924,0
1,177,-0.05701385634218607,0
1,585,-0.05701385634218607,0
1,767,-0.05701385634218607,0
1,790,-0.05701385634218607,0
1,1153,-0.05701385634218607,0
1,1359,-0.05701385634218607,0
1,1536,-0.05701385634218607,0
1,1721,-0.05701385634218607,0
1,2283,-0.05701385634218607,0
1,2395,-0.05701385634218607,0
1,2396,-0.05701385634218607,0
1,2445,-0.05701385634218607,0
1,2527,-0.05701385634218607,0
1,2590,-0.05701385634218607,0
1,2638,-0.05701385634218607,0
1,2702,-0.05701385634218607,0
1,2893,-0.05701385634218607,0
1,3007,-0.05701385634218607,0
1,3169,-0.05701385634218607,0
1,3466,-0.05701385634218607,0
1,3580,-0.05701385634218607,0
1,3617,-0.05701385634218607,0
1,376,-0.057423138235726326,0
1,531,-0.057423138235726326,0
1,1452,-0.057423138235726326,0
1,591,-0.05783242012926645,0
1,739,-0.05783242012926645,0
1,834,-0.05783242012926645,0
1,842,-0.05783242012926645,0
1,1402,-0.05783242012926645,0
1,1514,-0.05783242012926645,0
1,1791,-0.05783242012926645,0
1,1909,-0.05783242012926645,0
1,2069,-0.05783242012926645,0
1,2167,-0.05783242012926645,0
1,2262,-0.05783242012926645,0
1,2447,-0.05783242012926645,0
1,2845,-0.05783242012926645,0
1,3013,-0.05783242012926645,0
1,3087,-0.05783242012926645,0
1,3430,-0.05783242012926645,0
1,1072,-0.05865098391634685,0
1,1267,-0.06327172148860899,0
1,2957,-0.06327172148860899,0
1,182,-0.06409028527568936,0
1,937,-0.06409028527568936,0
1,1683,-0.06409028527568936,0
1,1921,-0.06409028527568936,0
1,2598,-0.06409028527568936,0
1,3586,-0.06409028527568936,0
1,3615,-0.06409028527568936,0
1,3641,-0.06409028527568936,0
1,3700,-0.06409028527568936,0
1,1882,-0.0644995671692295,0
1,3223,-0.0644995671692295,0
1,736,-0.06490884906276974,0
1,819,-0.06490884906276974,0
1,868,-0.06490884906276974,0
1,1011,-0.06490884906276974,0
1,1024,-0.06490884906276974,0
1,1355,-0.06490884906276974,0
1,1368,-0.06490884906276974,0
1,1427,-0.06490884906276974,0
1,1756,-0.06490884906276974,0
1,1840,-0.06490884906276974,0
1,1890,-0.06490884906276974,0
1,1970,-0.06490884906276974,0
1,1990,-0.06490884906276974,0
1,2012,-0.06490884906276974,0
1,2332,-0.06490884906276974,0
1,2351,-0.06490884906276974,0
1,2691,-0.06490884906276974,0
1,2787,-0.06490884906276974,0
1,3079,-0.06490884906276974,0
1,3162,-0.06490884906276974,0
1,3397,-0.06490884906276974,0
1,3587,-0.06490884906276974,0
1,3717,-0.06490884906276974,0
1,274,-0.06531813095630988,0
1,1331,-0.06531813095630988,0
1,2728,-0.06531813095630988,0
1,140,-0.06572741284985002,0
1,623,-0.06572741284985002,0
1,1343,-0.06572741284985002,0
1,1506,-0.06572741284985002,0
1,1591,-0.06572741284985002,0
1,2423,-0.06572741284985002,0
1,2548,-0.06572741284985002,0
1,2771,-0.06572741284985002,0
1,2846,-0.06572741284985002,0
1,2342,-0.07034815042211212,0
1,2357,-0.07116671420919253,0
1,2469,-0.07116671420919253,0
1,3155,-0.07116671420919253,0
1,3391,-0.07116671420919253,0
1,3753,-0.07116671420919253,0
1,161,-0.07198527799627291,0
1,456,-0.07198527799627291,0
1,874,-0.07198527799627291,0
1,944,-0.07198527799627291,0
1,1000,-0.07198527799627291,0
1,1193,-0.07198527799627291,0
1,1959,-0.07198527799627291,0
1,1977,-0.07198527799627291,0
1,2029,-0.07198527799627291,0
1,2185,-0.07198527799627291,0
1,2662,-0.07198527799627291,0
1,2763,-0.07198527799627291,0
1,2990,-0.07198527799627291,0
1,3050,-0.07198527799627291,0
1,3068,-0.07198527799627291,0
1,3278,-0.07198527799627291,0
1,3712,-0.07198527799627291,0
1,1551,-0.07239455988981305,0
1,3471,-0.07239455988981305,0
1,528,-0.0728038417833533,0
1,953,-0.0728038417833533,0
1,993,-0.0728038417833533,0
1,1238,-0.0728038417833533,0
1,1373,-0.0728038417833533,0
1,1430,-0.0728038417833533,0
1,1604,-0.0728038417833533,0
1,1925,-0.0728038417833533,0
1,2155,-0.0728038417833533,0
1,2259,-0.0728038417833533,0
1,2299,-0.0728038417833533,0
1,2439,-0.0728038417833533,0
1,2848,-0.0728038417833533,0
1,2913,-0.0728038417833533,0
1,3100,-0.0728038417833533,0
1,3224,-0.0728038417833533,0
1,3332,-0.0728038417833533,0
1,3618,-0.0728038417833533,0
1,1048,-0.07321312367689345,0
1,2872,-0.07362240557043369,0
1,2892,-0.07362240557043369,0
1,2920,-0.07362240557043369,0
1,196,-0.07824314314269579,0
1,718,-0.07824314314269579,0
1,907,-0.07824314314269579,0
1,3051,-0.07824314314269579,0
1,3420,-0.07824314314269579,0
1,37,-0.07906170692977607,0
1,77,-0.07906170692977607,0
1,212,-0.07906170692977607,0
1,662,-0.07906170692977607,0
1,1499,-0.07906170692977607,0
1,2098,-0.07906170692977607,0
1,2624,-0.07906170692977607,0
1,2779,-0.07906170692977607,0
1,3311,-0.07906170692977607,0
1,3457,-0.07906170692977607,0
1,751,-0.07947098882331632,0
1,221,-0.07988027071685648,0
1,281,-0.07988027071685648,0
1,437,-0.07988027071685648,0
1,682,-0.07988027071685648,0
1,784,-0.07988027071685648,0
1,900,-0.07988027071685648,0
1,1362,-0.07988027071685648,0
1,1578,-0.07988027071685648,0
1,1598,-0.07988027071685648,0
1,1616,-0.07988027071685648,0
1,1872,-0.07988027071685648,0
1,1929,-0.07988027071685648,0
1,2361,-0.07988027071685648,0
1,2557,-0.07988027071685648,0
1,2747,-0.07988027071685648,0
1,2902,-0.07988027071685648,0
1,3044,-0.07988027071685648,0
1,3073,-0.07988027071685648,0
1,3146,-0.07988027071685648,0
1,3225,-0.07988027071685648,0
1,3317,-0.07988027071685648,0
1,3613,-0.07988027071685648,0
1,988,-0.08028955261039672,0
1,3296,-0.08028955261039672,0
1,457,-0.08069883450393685,0
1,798,-0.08069883450393685,0
1,827,-0.08069883450393685,0
1,1149,-0.08069883450393685,0
1,1278,-0.08069883450393685,0
1,1280,-0.08069883450393685,0
1,1759,-0.08069883450393685,0
1,2208,-0.08069883450393685,0
1,2298,-0.08069883450393685,0
1,3527,-0.08069883450393685,0
1,2075,-0.08110811639747703,0
1,654,-0.08531957207619897,0
1,772,-0.0861381358632794,0
1,1686,-0.0861381358632794,0
1,1748,-0.0861381358632794,0
1,2049,-0.0861381358632794,0
1,3052,-0.0861381358632794,0
1,12,-0.08695669965035974,0
1,118,-0.08695669965035974,0
1,977,-0.08695669965035974,0
1,983,-0.08695669965035974,0
1,1004,-0.08695669965035974,0
1,1089,-0.08695669965035974,0
1,1123,-0.08695669965035974,0
1,1400,-0.08695669965035974,0
1,1797,-0.08695669965035974,0
1,1878,-0.08695669965035974,0
1,3069,-0.08695669965035974,0
1,3229,-0.08695669965035974,0
1,3233,-0.08695669965035974,0
1,3701,-0.08695669965035974,0
1,3737,-0.08695669965035974,0
1,1212,-0.08736598154389988,0
1,64,-0.08777526343744002,0
1,68,-0.08777526343744002,0
1,176,-0.08777526343744002,0
1,301,-0.08777526343744002,0
1,455,-0.08777526343744002,0
1,478,-0.08777526343744002,0
1,496,-0.08777526343744002,0
1,539,-0.08777526343744002,0
1,769,-0.08777526343744002,0
1,849,-0.08777526343744002,0
1,1455,-0.08777526343744002,0
1,1513,-0.08777526343744002,0
1,1527,-0.08777526343744002,0
1,1640,-0.08777526343744002,0
1,1647,-0.08777526343744002,0
1,1675,-0.08777526343744002,0
1,1722,-0.08777526343744002,0
1,1829,-0.08777526343744002,0
1,1958,-0.08777526343744002,0
1,2566,-0.08777526343744002,0
1,3135,-0.08777526343744002,0
1,3366,-0.08777526343744002,0
1,3517,-0.08777526343744002,0
1,3570,-0.08777526343744002,0
1,2201,-0.08818454533098027,0
1,2992,-0.08818454533098027,0
1,3372,-0.08818454533098027,0
1,53,-0.08859382722452043,0
1,972,-0.08859382722452043,0
1,1454,-0.08859382722452043,0
1,2158,-0.08859382722452043,0
1,3156,-0.08859382722452043,0
1,388,-0.08900310911806067,0
1,1292,-0.08900310911806067,0
1,3353,-0.09321456479678253,0
1,595,-0.09403312858386294,0
1,1738,-0.09403312858386294,0
1,2037,-0.09403312858386294,0
1,2426,-0.09403312858386294,0
1,2722,-0.09403312858386294,0
1,2979,-0.09403312858386294,0
1,3206,-0.09403312858386294,0
1,3585,-0.09403312858386294,0
1,317,-0.09485169237094332,0
1,420,-0.09485169237094332,0
1,797,-0.09485169237094332,0
1,1651,-0.09485169237094332,0
1,1764,-0.09485169237094332,0
1,1864,-0.09485169237094332,0
1,1906,-0.09485169237094332,0
1,1954,-0.09485169237094332,0
1,2157,-0.09485169237094332,0
1,2253,-0.09485169237094332,0
1,2431,-0.09485169237094332,0
1,2484,-0.09485169237094332,0
1,2494,-0.09485169237094332,0
1,2570,-0.09485169237094332,0
1,2675,-0.09485169237094332,0
1,2738,-0.09485169237094332,0
1,3127,-0.09485169237094332,0
1,3159,-0.09485169237094332,0
1,3247,-0.09485169237094332,0
1,3455,-0.09485169237094332,0
1,3515,-0.09485169237094332,0
1,3655,-0.09485169237094332,0
1,3683,-0.09485169237094332,0
1,1807,-0.09526097426448346,0
1,3722,-0.09526097426448346,0
1,14,-0.0956702561580237,0
1,117,-0.0956702561580237,0
1,302,-0.0956702561580237,0
1,386,-0.0956702561580237,0
1,674,-0.0956702561580237,0
1,763,-0.0956702561580237,0
1,879,-0.0956702561580237,0
1,1018,-0.0956702561580237,0
1,1565,-0.0956702561580237,0
1,1745,-0.0956702561580237,0
1,1966,-0.0956702561580237,0
1,2474,-0.0956702561580237,0
1,2888,-0.0956702561580237,0
1,3246,-0.0956702561580237,0
1,3632,-0.0956702561580237,0
1,1478,-0.09607953805156384,0
1,1809,-0.09648881994510397,0
1,3484,-0.09648881994510397,0
1,3677,-0.1014132556835343,0
1,312,-0.1019281213044465,0
1,1095,-0.1019281213044465,0
1,1955,-0.1019281213044465,0
1,3058,-0.1019281213044465,0
1,3414,-0.1019281213044465,0
1,3726,-0.1019281213044465,0
1,1919,-0.1023374031979867,0
1,3298,-0.1023374031979867,0
1,91,-0.1027466850915269,0
1,189,-0.1027466850915269,0
1,315,-0.1027466850915269,0
1,495,-0.1027466850915269,0
1,577,-0.1027466850915269,0
1,630,-0.1027466850915269,0
1,721,-0.1027466850915269,0
1,1076,-0.1027466850915269,0
1,1237,-0.1027466850915269,0
1,1274,-0.1027466850915269,0
1,1415,-0.1027466850915269,0
1,1607,-0.1027466850915269,0
1,1671,-0.1027466850915269,0
1,2000,-0.1027466850915269,0
1,2822,-0.1027466850915269,0
1,2942,-0.1027466850915269,0
1,2989,-0.1027466850915269,0
1,3085,-0.1027466850915269,0
1,3086,-0.1027466850915269,0
1,3152,-0.1027466850915269,0
1,3292,-0.1027466850915269,0
1,3302,-0.1027466850915269,0
1,3521,-0.1027466850915269,0
1,3536,-0.1027466850915269,0
1,380,-0.10315596698506697,0
1,1216,-0.10315596698506697,0
1,2807,-0.10315596698506697,0
1,661,-0.1035652488786072,0
1,829,-0.1035652488786072,0
1,871,-0.1035652488786072,0
1,1015,-0.1035652488786072,0
1,1091,-0.1035652488786072,0
1,1556,-0.1035652488786072,0
1,1661,-0.1035652488786072,0
1,1933,-0.1035652488786072,0
1,2184,-0.1035652488786072,0
1,2241,-0.1035652488786072,0
1,2268,-0.1035652488786072,0
1,2315,-0.1035652488786072,0
1,2378,-0.1035652488786072,0
1,2422,-0.1035652488786072,0
1,2516,-0.1035652488786072,0
1,2563,-0.1035652488786072,0
1,2757,-0.1035652488786072,0
1,2840,-0.1035652488786072,0
1,2898,-0.1035652488786072,0
1,2742,-0.1039745307721474,0
1,3149,-0.1039745307721474,0
1,3217,-0.1039745307721474,0
1,1838,-0.1043838126656877,0
1,2533,-0.1043838126656877,0
1,3725,-0.1090045502379497,0
1,313,-0.1093082484041179,0
1,367,-0.10982311402503,0
1,822,-0.10982311402503,0
1,1374,-0.10982311402503,0
1,1992,-0.10982311402503,0
1,2194,-0.10982311402503,0
1,2286,-0.10982311402503,0
1,2970,-0.10982311402503,0
1,3017,-0.10982311402503,0
1,3347,-0.10982311402503,0
1,677,-0.1102323959185703,0
1,1659,-0.1102323959185703,0
1,2176,-0.1102323959185703,0
1,2264,-0.1102323959185703,0
1,113,-0.1106416778121104,0
1,544,-0.1106416778121104,0
1,1036,-0.1106416778121104,0
1,1056,-0.1106416778121104,0
1,1168,-0.1106416778121104,0
1,1213,-0.1106416778121104,0
1,1412,-0.1106416778121104,0
1,1781,-0.1106416778121104,0
1,2095,-0.1106416778121104,0
1,2336,-0.1106416778121104,0
1,2761,-0.1106416778121104,0
1,2962,-0.1106416778121104,0
1,3114,-0.1106416778121104,0
1,3216,-0.1106416778121104,0
1,3230,-0.1106416778121104,0
1,3346,-0.1106416778121104,0
1,3392,-0.1106416778121104,0
1,3637,-0.1106416778121104,0
1,38,-0.1114602415991908,0
1,211,-0.1114602415991908,0
1,278,-0.1114602415991908,0
1,387,-0.1114602415991908,0
1,627,-0.1114602415991908,0
1,743,-0.1114602415991908,0
1,1061,-0.1114602415991908,0
1,1594,-0.1114602415991908,0
1,1612,-0.1114602415991908,0
1,1780,-0.1114602415991908,0
1,2115,-0.1114602415991908,0
1,3330,-0.1114602415991908,0
1,1179,-0.11186952349273101,0
1,2213,-0.11186952349273101,0
1,59,-0.1122788053862712,0
1,339,-0.1122788053862712,0
1,530,-0.1168995429585333,0
1,2285,-0.1168995429585333,0
1,2560,-0.1168995429585333,0
1,3165,-0.1173088248520735,0
1,372,-0.1177181067456137,0
1,1112,-0.1177181067456137,0
1,1197,-0.1177181067456137,0
1,1258,-0.1177181067456137,0
1,1429,-0.1177181067456137,0
1,1528,-0.1177181067456137,0
1,1655,-0.1177181067456137,0
1,1907,-0.1177181067456137,0
1,2028,-0.1177181067456137,0
1,2154,-0.1177181067456137,0
1,2163,-0.1177181067456137,0
1,2366,-0.1177181067456137,0
1,2688,-0.1177181067456137,0
1,3463,-0.1177181067456137,0
1,1010,-0.1181273886391538,0
1,2425,-0.1181273886391538,0
1,3147,-0.1181273886391538,0
1,86,-0.118536670532694,0
1,108,-0.118536670532694,0
1,526,-0.118536670532694,0
1,579,-0.118536670532694,0
1,719,-0.118536670532694,0
1,771,-0.118536670532694,0
1,1390,-0.118536670532694,0
1,1645,-0.118536670532694,0
1,1698,-0.118536670532694,0
1,1821,-0.118536670532694,0
1,1950,-0.118536670532694,0
1,1973,-0.118536670532694,0
1,2136,-0.118536670532694,0
1,2569,-0.118536670532694,0
1,2592,-0.118536670532694,0
1,2706,-0.118536670532694,0
1,2724,-0.118536670532694,0
1,2873,-0.118536670532694,0
1,3083,-0.118536670532694,0
1,3409,-0.118536670532694,0
1,3465,-0.118536670532694,0
1,123,-0.1189459524262342,0
1,675,-0.1189459524262342,0
1,3057,-0.1189459524262342,0
1,400,-0.1193552343197744,0
1,472,-0.1193552343197744,0
1,1649,-0.1193552343197744,0
1,2252,-0.1193552343197744,0
1,3283,-0.1193552343197744,0
1,1260,-0.1239759718920365,0
1,327,-0.1247945356791169,0
1,1865,-0.1247945356791169,0
1,2555,-0.1247945356791169,0
1,3669,-0.1247945356791169,0
1,3680,-0.1247945356791169,0
1,407,-0.125203817572657,0
1,237,-0.1256130994661973,0
1,323,-0.1256130994661973,0
1,538,-0.1256130994661973,0
1,803,-0.1256130994661973,0
1,1307,-0.1256130994661973,0
1,1470,-0.1256130994661973,0
1,1512,-0.1256130994661973,0
1,1524,-0.1256130994661973,0
1,1684,-0.1256130994661973,0
1,1849,-0.1256130994661973,0
1,1913,-0.1256130994661973,0
1,2352,-0.1256130994661973,0
1,2487,-0.1256130994661973,0
1,2837,-0.1256130994661973,0
1,2923,-0.1256130994661973,0
1,3043,-0.1256130994661973,0
1,3092,-0.1256130994661973,0
1,3262,-0.1256130994661973,0
1,3610,-0.1256130994661973,0
1,3645,-0.1256130994661973,0
1,3679,-0.1256130994661973,0
1,3711,-0.1256130994661973,0
1,934,-0.1260223813597374,0
1,1322,-0.1260223813597374,0
1,1871,-0.1260223813597374,0
1,2198,-0.1260223813597374,0
1,3403,-0.1260223813597374,0
1,3552,-0.1260223813597374,0
1,51,-0.1264316632532776,0
1,444,-0.1264316632532776,0
1,783,-0.1264316632532776,0
1,858,-0.1264316632532776,0
1,1052,-0.1264316632532776,0
1,1337,-0.1264316632532776,0
1,1394,-0.1264316632532776,0
1,1434,-0.1264316632532776,0
1,1965,-0.1264316632532776,0
1,2836,-0.1264316632532776,0
1,3356,-0.1264316632532776,0
1,3386,-0.1264316632532776,0
1,3399,-0.1264316632532776,0
1,3609,-0.1264316632532776,0
1,3704,-0.1264316632532776,0
1,1884,-0.1268409451468178,0
1,2173,-0.1268409451468178,0
1,2480,-0.1268409451468178,0
1,2802,-0.1272502270403579,0
1,3048,-0.1272502270403579,0
1,3393,-0.1272502270403579,0
1,3535,-0.1272502270403579,0
1,1406,-0.1276595089338982,0
1,39,-0.1326895283997004,0
1,687,-0.1326895283997004,0
1,1978,-0.1326895283997004,0
1,2927,-0.1326895283997004,0
1,2106,-0.1330988102932407,0
1,892,-0.1335080921867808,0
1,1007,-0.1335080921867808,0
1,1034,-0.1335080921867808,0
1,1103,-0.1335080921867808,0
1,1111,-0.1335080921867808,0
1,1465,-0.1335080921867808,0
1,1630,-0.1335080921867808,0
1,1699,-0.1335080921867808,0
1,1741,-0.1335080921867808,0
1,1920,-0.1335080921867808,0
1,1971,-0.1335080921867808,0
1,2174,-0.1335080921867808,0
1,2454,-0.1335080921867808,0
1,2551,-0.1335080921867808,0
1,3081,-0.1335080921867808,0
1,3280,-0.1335080921867808,0
1,3438,-0.1335080921867808,0
1,427,-0.133917374080321,0
1,764,-0.1343266559738612,0
1,785,-0.1343266559738612,0
1,1132,-0.1343266559738612,0
1,1462,-0.1343266559738612,0
1,1687,-0.1343266559738612,0
1,2034,-0.1343266559738612,0
1,3122,-0.1343266559738612,0
1,3187,-0.1343266559738612,0
1,3554,-0.1343266559738612,0
1,670,-0.1347359378674013,0
1,918,-0.1351452197609416,0
1,1746,-0.1351452197609416,0
1,1805,-0.1351452197609416,0
1,2583,-0.1351452197609416,0
1,43,-0.140584521120284,0
1,61,-0.140584521120284,0
1,724,-0.140584521120284,0
1,1009,-0.140584521120284,0
1,2110,-0.140584521120284,0
1,2126,-0.140584521120284,0
1,2300,-0.140584521120284,0
1,2934,-0.140584521120284,0
1,3375,-0.140584521120284,0
1,124,-0.1414030849073644,0
1,154,-0.1414030849073644,0
1,157,-0.1414030849073644,0
1,311,-0.1414030849073644,0
1,428,-0.1414030849073644,0
1,519,-0.1414030849073644,0
1,546,-0.1414030849073644,0
1,676,-0.1414030849073644,0
1,883,-0.1414030849073644,0
1,1099,-0.1414030849073644,0
1,1105,-0.1414030849073644,0
1,1627,-0.1414030849073644,0
1,1712,-0.1414030849073644,0
1,1874,-0.1414030849073644,0
1,1875,-0.1414030849073644,0
1,2097,-0.1414030849073644,0
1,2243,-0.1414030849073644,0
1,2403,-0.1414030849073644,0
1,2442,-0.1414030849073644,0
1,2578,-0.1414030849073644,0
1,2609,-0.1414030849073644,0
1,3065,-0.1414030849073644,0
1,3175,-0.1414030849073644,0
1,3534,-0.1414030849073644,0
1,3605,-0.1414030849073644,0
1,1250,-0.1418123668009046,0
1,1316,-0.1418123668009046,0
1,1547,-0.1418123668009046,0
1,3367,-0.1418123668009046,0
1,533,-0.1422216486944448,0
1,625,-0.1422216486944448,0
1,1191,-0.1422216486944448,0
1,1234,-0.1422216486944448,0
1,1239,-0.1422216486944448,0
1,1542,-0.1422216486944448,0
1,1720,-0.1422216486944448,0
1,1808,-0.1422216486944448,0
1,2739,-0.1422216486944448,0
1,2749,-0.1422216486944448,0
1,3290,-0.1422216486944448,0
1,3751,-0.1422216486944448,0
1,2901,-0.1468423862667069,0
1,2362,-0.1476609500537873,0
1,3104,-0.1476609500537873,0
1,1727,-0.1480702319473274,0
1,430,-0.1484795138408677,0
1,1074,-0.1484795138408677,0
1,1789,-0.1484795138408677,0
1,2079,-0.1484795138408677,0
1,2080,-0.1484795138408677,0
1,2324,-0.1484795138408677,0
1,2460,-0.1484795138408677,0
1,3036,-0.1484795138408677,0
1,3236,-0.1484795138408677,0
1,3413,-0.1484795138408677,0
1,3436,-0.1484795138408677,0
1,2246,-0.1488887957344078,0
1,716,-0.1492980776279479,0
1,853,-0.1492980776279479,0
1,936,-0.1492980776279479,0
1,1090,-0.1492980776279479,0
1,1119,-0.1492980776279479,0
1,1363,-0.1492980776279479,0
1,1632,-0.1492980776279479,0
1,2062,-0.1492980776279479,0
1,2168,-0.1492980776279479,0
1,2255,-0.1492980776279479,0
1,2327,-0.1492980776279479,0
1,2429,-0.1492980776279479,0
1,2530,-0.1492980776279479,0
1,2765,-0.1492980776279479,0
1,2790,-0.1492980776279479,0
1,2799,-0.1492980776279479,0
1,3327,-0.1492980776279479,0
1,3389,-0.1492980776279479,0
1,3624,-0.1492980776279479,0
1,3651,-0.1492980776279479,0
1,2618,-0.1497073595214882,0
1,2753,-0.1497073595214882,0
1,3384,-0.1497073595214882,0
1,3519,-0.1498129432488601,0
1,1067,-0.1501166414150283,0
1,1787,-0.1501166414150283,0
1,1366,-0.1509352052021087,0
1,2383,-0.1509352052021087,0
1,3643,-0.151450070823021,0
1,58,-0.1555559427743708,0
1,1369,-0.1555559427743708,0
1,2862,-0.1555559427743708,0
1,3370,-0.1555559427743708,0
1,3509,-0.1555559427743708,0
1,3695,-0.1555559427743708,0
1,307,-0.1563745065614512,0
1,448,-0.1563745065614512,0
1,458,-0.1563745065614512,0
1,951,-0.1563745065614512,0
1,1381,-0.1563745065614512,0
1,1393,-0.1563745065614512,0
1,1837,-0.1563745065614512,0
1,2016,-0.1563745065614512,0
1,2238,-0.1563745065614512,0
1,2829,-0.1563745065614512,0
1,2961,-0.1563745065614512,0
1,2974,-0.1563745065614512,0
1,3110,-0.1563745065614512,0
1,3435,-0.1563745065614512,0
1,3510,-0.1563745065614512,0
1,3562,-0.1563745065614512,0
1,3608,-0.1563745065614512,0
1,1600,-0.1567837884549914,0
1,3433,-0.1567837884549914,0
1,914,-0.1571930703485316,0
1,1428,-0.1571930703485316,0
1,1620,-0.1571930703485316,0
1,1924,-0.1571930703485316,0
1,1982,-0.1571930703485316,0
1,2139,-0.1571930703485316,0
1,2775,-0.1571930703485316,0
1,2801,-0.1571930703485316,0
1,3266,-0.1571930703485316,0
1,3532,-0.1571930703485316,0
1,3579,-0.1571930703485316,0
1,2587,-0.1576023522420718,0
1,3005,-0.1576023522420718,0
1,3027,-0.1576023522420718,0
1,3194,-0.1576023522420718,0
1,49,-0.1580116341356119,0
1,434,-0.1580116341356119,0
1,650,-0.162632371707874,0
1,2143,-0.162632371707874,0
1,3153,-0.162632371707874,0
1,1174,-0.1634509354949544,0
1,2103,-0.1634509354949544,0
1,2455,-0.1634509354949544,0
1,2580,-0.1634509354949544,0
1,2793,-0.1634509354949544,0
1,2896,-0.1634509354949544,0
1,3281,-0.1634509354949544,0
1,3394,-0.1634509354949544,0
1,3650,-0.1634509354949544,0
1,1942,-0.1638602173884946,0
1,1244,-0.1642694992820348,0
1,1248,-0.1642694992820348,0
1,1270,-0.1642694992820348,0
1,1566,-0.1642694992820348,0
1,1823,-0.1642694992820348,0
1,1953,-0.1642694992820348,0
1,2083,-0.1642694992820348,0
1,2424,-0.1642694992820348,0
1,2582,-0.1642694992820348,0
1,2981,-0.1642694992820348,0
1,3014,-0.1642694992820348,0
1,3221,-0.1642694992820348,0
1,3334,-0.1642694992820348,0
1,3491,-0.1642694992820348,0
1,3569,-0.1642694992820348,0
1,3720,-0.1642694992820348,0
1,3752,-0.1642694992820348,0
1,1729,-0.1646787811755749,0
1,2646,-0.1646787811755749,0
1,679,-0.1650880630691152,0
1,1494,-0.1650880630691152,0
1,2496,-0.1650880630691152,0
1,2639,-0.1650880630691152,0
1,3475,-0.1650880630691152,0
1,3493,-0.1650880630691152,0
1,3640,-0.1650880630691152,0
1,1333,-0.1654973449626553,0
1,1442,-0.1654973449626553,0
1,452,-0.1701180825349174,0
1,578,-0.171345928215538,0
1,809,-0.171345928215538,0
1,979,-0.171345928215538,0
1,1732,-0.171345928215538,0
1,1785,-0.171345928215538,0
1,1853,-0.171345928215538,0
1,2128,-0.171345928215538,0
1,2278,-0.171345928215538,0
1,2279,-0.171345928215538,0
1,2971,-0.171345928215538,0
1,3255,-0.171345928215538,0
1,3505,-0.171345928215538,0
1,3578,-0.171345928215538,0
1,3713,-0.171345928215538,0
1,1937,-0.1717552101090782,0
1,82,-0.1721644920026183,0
1,335,-0.1721644920026183,0
1,509,-0.1721644920026183,0
1,547,-0.1721644920026183,0
1,626,-0.1721644920026183,0
1,930,-0.1721644920026183,0
1,1159,-0.1721644920026183,0
1,1306,-0.1721644920026183,0
1,1438,-0.1721644920026183,0
1,1705,-0.1721644920026183,0
1,1843,-0.1721644920026183,0
1,1998,-0.1721644920026183,0
1,2280,-0.1721644920026183,0
1,2694,-0.1721644920026183,0
1,2740,-0.1721644920026183,0
1,2883,-0.1721644920026183,0
1,2969,-0.1721644920026183,0
1,3134,-0.1721644920026183,0
1,3185,-0.1721644920026183,0
1,3282,-0.1721644920026183,0
1,3318,-0.1721644920026183,0
1,3364,-0.1721644920026183,0
1,3565,-0.1721644920026183,0
1,3699,-0.1721644920026183,0
1,2791,-0.1725737738961586,0
1,3678,-0.1725737738961586,0
1,524,-0.1729830557896987,0
1,1354,-0.1729830557896987,0
1,2013,-0.1729830557896987,0
1,2515,-0.1729830557896987,0
1,3481,-0.1729830557896987,0
1,3708,-0.1729830557896987,0
1,2922,-0.1733923376832389,0
1,429,-0.1784223571490413,0
1,1389,-0.1784223571490413,0
1,1500,-0.1784223571490413,0
1,3028,-0.1788316390425814,0
1,391,-0.1792409209361216,0
1,439,-0.1792409209361216,0
1,556,-0.1792409209361216,0
1,2236,-0.1792409209361216,0
1,2416,-0.1792409209361216,0
1,2610,-0.1792409209361216,0
1,2880,-0.1792409209361216,0
1,3273,-0.1792409209361216,0
1,3324,-0.1792409209361216,0
1,3501,-0.1792409209361216,0
1,3529,-0.1792409209361216,0
1,2518,-0.1796502028296617,0
1,692,-0.1800594847232019,0
1,815,-0.1800594847232019,0
1,1501,-0.1800594847232019,0
1,1676,-0.1800594847232019,0
1,1710,-0.1800594847232019,0
1,2144,-0.1800594847232019,0
1,2436,-0.1800594847232019,0
1,2735,-0.1800594847232019,0
1,2805,-0.1800594847232019,0
1,2857,-0.1800594847232019,0
1,3287,-0.1800594847232019,0
1,3531,-0.1800594847232019,0
1,2810,-0.1804687666167421,0
1,2852,-0.1804687666167421,0
1,2117,-0.1808780485102823,0
1,2364,-0.1808780485102823,0
1,3357,-0.1808780485102823,0
1,2019,-0.1813929141311944,0
1,34,-0.1863173498696248,0
1,1972,-0.1863173498696248,0
1,2047,-0.1863173498696248,0
1,2358,-0.1863173498696248,0
1,2930,-0.1863173498696248,0
1,3418,-0.1863173498696248,0
1,3633,-0.1863173498696248,0
1,2490,-0.1867266317631649,0
1,604,-0.1871359136567052,0
1,691,-0.1871359136567052,0
1,976,-0.1871359136567052,0
1,1215,-0.1871359136567052,0
1,1570,-0.1871359136567052,0
1,1663,-0.1871359136567052,0
1,1724,-0.1871359136567052,0
1,2113,-0.1871359136567052,0
1,2567,-0.1871359136567052,0
1,2591,-0.1871359136567052,0
1,2929,-0.1871359136567052,0
1,3210,-0.1871359136567052,0
1,3341,-0.1871359136567052,0
1,3473,-0.1871359136567052,0
1,3574,-0.1871359136567052,0
1,3745,-0.1871359136567052,0
1,969,-0.1875451955502453,0
1,2196,-0.1875451955502453,0
1,136,-0.1879544774437855,0
1,882,-0.1879544774437855,0
1,886,-0.1879544774437855,0
1,1641,-0.1879544774437855,0
1,1910,-0.1879544774437855,0
1,2119,-0.1879544774437855,0
1,2133,-0.1879544774437855,0
1,2390,-0.1879544774437855,0
1,2789,-0.1879544774437855,0
1,3191,-0.1879544774437855,0
1,3541,-0.1879544774437855,0
1,1399,-0.1883637593373257,0
1,2251,-0.1883637593373257,0
1,2536,-0.1883637593373257,0
1,2577,-0.1883637593373257,0
1,3040,-0.1883637593373257,0
1,3061,-0.1883637593373257,0
1,3128,-0.1887730412308659,0
1,2118,-0.1936974769692962,0
1,2794,-0.1936974769692962,0
1,179,-0.1942123425902084,0
1,291,-0.1942123425902084,0
1,453,-0.1942123425902084,0
1,1032,-0.1942123425902084,0
1,1575,-0.1942123425902084,0
1,1610,-0.1942123425902084,0
1,2408,-0.1942123425902084,0
1,3250,-0.1942123425902084,0
1,3371,-0.1942123425902084,0
1,1269,-0.1945160407563765,0
1,31,-0.1950309063772887,0
1,143,-0.1950309063772887,0
1,188,-0.1950309063772887,0
1,422,-0.1950309063772887,0
1,925,-0.1950309063772887,0
1,1008,-0.1950309063772887,0
1,1448,-0.1950309063772887,0
1,1481,-0.1950309063772887,0
1,1963,-0.1950309063772887,0
1,2186,-0.1950309063772887,0
1,2777,-0.1950309063772887,0
1,2778,-0.1950309063772887,0
1,2914,-0.1950309063772887,0
1,3244,-0.1950309063772887,0
1,3361,-0.1950309063772887,0
1,3588,-0.1950309063772887,0
1,1928,-0.1954401882708289,0
1,1939,-0.1954401882708289,0
1,2428,-0.1954401882708289,0
1,2723,-0.1954401882708289,0
1,262,-0.1958494701643691,0
1,839,-0.1958494701643691,0
1,915,-0.1958494701643691,0
1,1014,-0.1958494701643691,0
1,1681,-0.1958494701643691,0
1,2147,-0.1958494701643691,0
1,2953,-0.1958494701643691,0
1,3490,-0.1958494701643691,0
1,3002,-0.2007739059027994,0
1,1541,-0.2012887715237116,0
1,3474,-0.2012887715237116,0
1,2959,-0.2016980534172518,0
1,504,-0.2021073353107919,0
1,1084,-0.2021073353107919,0
1,1364,-0.2021073353107919,0
1,2120,-0.2021073353107919,0
1,2237,-0.2021073353107919,0
1,2635,-0.2021073353107919,0
1,3008,-0.2021073353107919,0
1,3400,-0.2021073353107919,0
1,3406,-0.2021073353107919,0
1,3448,-0.2021073353107919,0
1,1584,-0.2025166172043321,0
1,2576,-0.2025166172043321,0
1,3548,-0.2025166172043321,0
1,3735,-0.2025166172043321,0
1,474,-0.2029258990978723,0
1,1511,-0.2029258990978723,0
1,1602,-0.2029258990978723,0
1,2006,-0.2029258990978723,0
1,2156,-0.2029258990978723,0
1,2164,-0.2029258990978723,0
1,2393,-0.2029258990978723,0
1,2465,-0.2029258990978723,0
1,2698,-0.2029258990978723,0
1,3227,-0.2029258990978723,0
1,3412,-0.2029258990978723,0
1,3494,-0.2029258990978723,0
1,3538,-0.2029258990978723,0
1,1114,-0.2033351809914125,0
1,1287,-0.2033351809914125,0
1,1848,-0.2033351809914125,0
1,709,-0.2037444628849527,0
1,1353,-0.2037444628849527,0
1,1618,-0.2037444628849527,0
1,2008,-0.2037444628849527,0
1,2392,-0.2037444628849527,0
1,2468,-0.2037444628849527,0
1,3078,-0.2037444628849527,0
1,1652,-0.2091837642442952,0
1,1711,-0.2091837642442952,0
1,2701,-0.2091837642442952,0
1,2952,-0.2091837642442952,0
1,385,-0.2100023280313756,0
1,805,-0.2100023280313756,0
1,1356,-0.2100023280313756,0
1,1623,-0.2100023280313756,0
1,2394,-0.2100023280313756,0
1,2443,-0.2100023280313756,0
1,2585,-0.2100023280313756,0
1,2672,-0.2100023280313756,0
1,3011,-0.2100023280313756,0
1,3145,-0.2100023280313756,0
1,1378,-0.2104116099249157,0
1,1817,-0.2104116099249157,0
1,758,-0.2108208918184558,0
1,812,-0.2108208918184558,0
1,1679,-0.2108208918184558,0
1,2039,-0.2108208918184558,0
1,2665,-0.2108208918184558,0
1,2682,-0.2108208918184558,0
1,2977,-0.2108208918184558,0
1,3639,-0.2108208918184558,0
1,3664,-0.2108208918184558,0
1,2744,-0.2112301737119961,0
1,3634,-0.2112301737119961,0
1,2464,-0.2116394556055363,0
1,3331,-0.2116394556055363,0
1,3439,-0.2116394556055363,0
1,3443,-0.2116394556055363,0
1,3611,-0.2116394556055363,0
1,3672,-0.2116394556055363,0
1,1704,-0.2170787569648788,0
1,2406,-0.2170787569648788,0
1,3496,-0.2170787569648788,0
1,3687,-0.2170787569648788,0
1,759,-0.2178973207519591,0
1,810,-0.2178973207519591,0
1,873,-0.2178973207519591,0
1,1892,-0.2178973207519591,0
1,2048,-0.2178973207519591,0
1,2084,-0.2178973207519591,0
1,2132,-0.2178973207519591,0
1,2696,-0.2178973207519591,0
1,2767,-0.2178973207519591,0
1,2803,-0.2178973207519591,0
1,2900,-0.2178973207519591,0
1,2991,-0.2178973207519591,0
1,3445,-0.2178973207519591,0
1,3507,-0.2178973207519591,0
1,857,-0.2183066026454993,0
1,2234,-0.2183066026454993,0
1,336,-0.2187158845390395,0
1,587,-0.2187158845390395,0
1,1493,-0.2187158845390395,0
1,1629,-0.2187158845390395,0
1,2627,-0.2187158845390395,0
1,3724,-0.2195344483261198,0
1,1847,-0.2233366221113016,0
1,287,-0.2249737496854623,0
1,1739,-0.2249737496854623,0
1,2986,-0.2249737496854623,0
1,3285,-0.2249737496854623,0
1,3662,-0.2249737496854623,0
1,3526,-0.2253830315790025,0
1,410,-0.2257923134725427,0
1,467,-0.2257923134725427,0
1,732,-0.2257923134725427,0
1,1323,-0.2257923134725427,0
1,1338,-0.2257923134725427,0
1,1568,-0.2257923134725427,0
1,1912,-0.2257923134725427,0
1,2356,-0.2257923134725427,0
1,2704,-0.2257923134725427,0
1,2817,-0.2257923134725427,0
1,2832,-0.2257923134725427,0
1,3264,-0.2257923134725427,0
1,3405,-0.2257923134725427,0
1,3460,-0.2257923134725427,0
1,3257,-0.2262015953660828,0
1,967,-0.2266108772596231,0
1,1766,-0.2266108772596231,0
1,2258,-0.2266108772596231,0
1,2505,-0.2266108772596231,0
1,60,-0.2270201591531632,0
1,715,-0.2270201591531632,0
1,1028,-0.2320501786189656,0
1,3279,-0.2320501786189656,0
1,2260,-0.2324594605125057,0
1,975,-0.2328687424060459,0
1,1058,-0.2328687424060459,0
1,1534,-0.2328687424060459,0
1,1888,-0.2328687424060459,0
1,2188,-0.2328687424060459,0
1,3314,-0.2328687424060459,0
1,3728,-0.2328687424060459,0
1,877,-0.2332780242995861,0
1,1503,-0.2332780242995861,0
1,3269,-0.2332780242995861,0
1,828,-0.2336873061931262,0
1,1318,-0.2336873061931262,0
1,2009,-0.2336873061931262,0
1,2183,-0.2336873061931262,0
1,2345,-0.2336873061931262,0
1,2507,-0.2336873061931262,0
1,2811,-0.2336873061931262,0
1,2858,-0.2336873061931262,0
1,1013,-0.2340965880866665,0
1,358,-0.2345058699802067,0
1,1184,-0.2345058699802067,0
1,3508,-0.2399451713395492,0
1,3668,-0.2399451713395492,0
1,363,-0.2407637351266295,0
1,1121,-0.2407637351266295,0
1,1860,-0.2407637351266295,0
1,2121,-0.2407637351266295,0
1,2733,-0.2407637351266295,0
1,2987,-0.2407637351266295,0
1,3189,-0.2407637351266295,0
1,3203,-0.2407637351266295,0
1,3498,-0.2407637351266295,0
1,330,-0.2411730170201697,0
1,818,-0.2411730170201697,0
1,1643,-0.2411730170201697,0
1,2405,-0.2411730170201697,0
1,2976,-0.2411730170201697,0
1,3647,-0.2411730170201697,0
1,1065,-0.2415822989137098,0
1,1375,-0.2415822989137098,0
1,1803,-0.2415822989137098,0
1,1806,-0.2415822989137098,0
1,2287,-0.2415822989137098,0
1,2881,-0.2415822989137098,0
1,3379,-0.2415822989137098,0
1,3652,-0.2415822989137098,0
1,1776,-0.2419915808072501,0
1,2865,-0.2419915808072501,0
1,3075,-0.2419915808072501,0
1,3597,-0.2419915808072501,0
1,2517,-0.2424008627007902,0
1,3245,-0.2424008627007902,0
1,2,-0.2470216002730523,0
1,3750,-0.2470216002730523,0
1,629,-0.2478401640601327,0
1,3681,-0.2478401640601327,0
1,29,-0.2482494459536728,0
1,406,-0.2486587278472131,0
1,419,-0.2486587278472131,0
1,1445,-0.2486587278472131,0
1,1525,-0.2486587278472131,0
1,1664,-0.2486587278472131,0
1,2210,-0.2486587278472131,0
1,2905,-0.2486587278472131,0
1,3343,-0.2486587278472131,0
1,517,-0.2490680097407532,0
1,2495,-0.2490680097407532,0
1,2931,-0.2490680097407532,0
1,3706,-0.2490680097407532,0
1,950,-0.2494772916342934,0
1,1286,-0.2494772916342934,0
1,1755,-0.2494772916342934,0
1,2152,-0.2494772916342934,0
1,3422,-0.2494772916342934,0
1,3626,-0.2494772916342934,0
1,938,-0.2502958554213737,0
1,1590,-0.2502958554213737,0
1,2544,-0.2502958554213737,0
1,1194,-0.2544017273727237,0
1,2904,-0.2549165929936358,0
1,3576,-0.2549165929936358,0
1,1588,-0.2553258748871761,0
1,1569,-0.2557351567807162,0
1,3513,-0.2560388549468844,0
1,527,-0.2565537205677966,0
1,2206,-0.2565537205677966,0
1,2269,-0.2565537205677966,0
1,3462,-0.2565537205677966,0
1,1631,-0.2569630024613368,0
1,536,-0.25737228435487697,0
1,1993,-0.25737228435487697,0
1,2472,-0.25737228435487697,0
1,1795,-0.2581908481419574,0
1,2434,-0.2619930219271392,0
1,2628,-0.2622967200933073,0
1,1005,-0.2628115857142195,0
1,2014,-0.2628115857142195,0
1,1305,-0.2636301495012998,0
1,1718,-0.2636301495012998,0
1,2257,-0.2636301495012998,0
1,3560,-0.2636301495012998,0
1,2588,-0.2640394313948401,0
1,722,-0.2644487132883802,0
1,1186,-0.2644487132883802,0
1,1419,-0.2644487132883802,0
1,2371,-0.2644487132883802,0
1,2575,-0.2644487132883802,0
1,2621,-0.2644487132883802,0
1,2673,-0.2644487132883802,0
1,3070,-0.2644487132883802,0
1,3555,-0.2644487132883802,0
1,3697,-0.2644487132883802,0
1,658,-0.2648579951819204,0
1,2692,-0.2648579951819204,0
1,3429,-0.2649635789092923,0
1,1758,-0.2652672770754606,0
1,3469,-0.2652672770754606,0
1,3592,-0.2652672770754606,0
1,787,-0.2657821426963728,0
1,2449,-0.2657821426963728,0
1,1352,-0.2701917128138908,0
1,243,-0.2707065784348031,0
1,2018,-0.2707065784348031,0
1,2321,-0.2707065784348031,0
1,231,-0.2711158603283432,0
1,3595,-0.2711158603283432,0
1,1854,-0.2715251422218835,0
1,1940,-0.2715251422218835,0
1,2528,-0.2715251422218835,0
1,201,-0.2719344241154236,0
1,393,-0.2719344241154236,0
1,1531,-0.2723437060089637,0
1,2975,-0.2723437060089637,0
1,924,-0.27275298790250396,0
1,206,-0.2731622697960441,0
1,1773,-0.2731622697960441,0
1,1398,-0.2735715516895844,0
1,2224,-0.2777830073683062,0
1,558,-0.2781922892618465,0
1,2670,-0.2781922892618465,0
1,2661,-0.2786015711553866,0
1,3447,-0.2786015711553866,0
1,369,-0.2790108530489268,0
1,1233,-0.2790108530489268,0
1,2471,-0.2790108530489268,0
1,277,-0.279420134942467,0
1,1085,-0.279420134942467,0
1,3294,-0.2798294168360071,0
1,1603,-0.2802386987295474,0
1,2788,-0.2802386987295474,0
1,3368,-0.2802386987295474,0
1,3441,-0.2802386987295474,0
1,1613,-0.28157212813753996,0
1,1914,-0.2856780000888898,0
1,3163,-0.2856780000888898,0
1,144,-0.2864965638759702,0
1,506,-0.2864965638759702,0
1,689,-0.2864965638759702,0
1,712,-0.2864965638759702,0
1,2038,-0.2864965638759702,0
1,2372,-0.2864965638759702,0
1,3020,-0.2864965638759702,0
1,1165,-0.2873151276630506,0
1,2353,-0.2873151276630506,0
1,2360,-0.2873151276630506,0
1,3646,-0.2873151276630506,0
1,2363,-0.28813369145013107,0
1,2714,-0.28813369145013107,0
1,3094,-0.2885429733436711,0
1,3033,-0.2886485570710433,0
1,3025,-0.2931637109159332,0
1,1295,-0.2935729928094735,0
1,3096,-0.2935729928094735,0
1,1027,-0.2939822747030136,0
1,522,-0.2943915565965537,0
1,1790,-0.2943915565965537,0
1,2571,-0.2943915565965537,0
1,2690,-0.2943915565965537,0
1,1836,-0.2952101203836341,0
1,3098,-0.2952101203836341,0
1,3571,-0.2952101203836341,0
1,2911,-0.2956194022771744,0
1,1508,-0.2960286841707145,0
1,1079,-0.3006494217429767,0
1,633,-0.3009531199091448,0
1,3658,-0.3009531199091448,0
1,1094,-0.301467985530057,0
1,1154,-0.301467985530057,0
1,3503,-0.301467985530057,0
1,3544,-0.301467985530057,0
1,414,-0.3018772674235972,0
1,1410,-0.3018772674235972,0
1,167,-0.3022865493171374,0
1,726,-0.3022865493171374,0
1,1611,-0.3022865493171374,0
1,1885,-0.3022865493171374,0
1,3103,-0.3022865493171374,0
1,956,-0.3031051131042177,0
1,1695,-0.3031051131042177,0
1,2031,-0.3031051131042177,0
1,3631,-0.3035143949977579,0
1,3106,-0.3039236768912981,0
1,2502,-0.3085444144635602,0
1,1537,-0.3088481126297283,0
1,714,-0.3093629782506406,0
1,1674,-0.3093629782506406,0
1,1852,-0.3093629782506406,0
1,2058,-0.3093629782506406,0
1,2944,-0.3093629782506406,0
1,1581,-0.310181542037721,0
1,2451,-0.310181542037721,0
1,3232,-0.310181542037721,0
1,1086,-0.3105908239312611,0
1,2784,-0.3105908239312611,0
1,2820,-0.3105908239312611,0
1,275,-0.3110001058248014,0
1,3263,-0.3110001058248014,0
1,1605,-0.3164394071841438,0
1,2856,-0.31684868907768393,0
1,1395,-0.3172579709712242,0
1,3502,-0.3172579709712242,0
1,624,-0.3176672528647644,0
1,2235,-0.3180765347583046,0
1,2859,-0.3180765347583046,0
1,2081,-0.3188950985453849,0
1,2277,-0.3243343999047275,0
1,3688,-0.3243343999047275,0
1,2026,-0.3247436817982676,0
1,2171,-0.3247436817982676,0
1,2369,-0.3251529636918077,0
1,2546,-0.3251529636918077,0
1,2964,-0.3251529636918077,0
1,3377,-0.3251529636918077,0
1,3453,-0.3251529636918077,0
1,3739,-0.3251529636918077,0
1,3170,-0.3254566618579758,0
1,2096,-0.325562245585348,0
1,1413,-0.3259715274788881,0
1,1768,-0.3259715274788881,0
1,2641,-0.3259715274788881,0
1,3374,-0.3259715274788881,0
1,3241,-0.3263808093724283,0
1,399,-0.3317145270043987,0
1,236,-0.33222939262531104,0
1,2200,-0.33222939262531104,0
1,2467,-0.33222939262531104,0
1,2834,-0.33222939262531104,0
1,2056,-0.3334572383059315,0
1,2529,-0.3338665201994717,0
1,3395,-0.3338665201994717,0
1,3337,-0.3343813858203839,0
1,1564,-0.3405336672394347,0
1,1694,-0.3405336672394347,0
1,2193,-0.3405336672394347,0
1,2231,-0.3405336672394347,0
1,3459,-0.34094294913297496,0
1,3132,-0.3417615129200553,0
1,2400,-0.3472008142793978,0
1,2640,-0.3475045124455658,0
1,156,-0.3480193780664781,0
1,1203,-0.3480193780664781,0
1,2973,-0.3480193780664781,0
1,1397,-0.3488379418535585,0
1,2843,-0.3488379418535585,0
1,518,-0.3492472237470986,0
1,3039,-0.3496565056406389,0
1,3709,-0.3496565056406389,0
1,3553,-0.3504750694277193,0
1,1622,-0.3550958069999813,0
1,3259,-0.3550958069999813,0
1,2104,-0.3559143707870617,0
1,2554,-0.3559143707870617,0
1,3251,-0.3559143707870617,0
1,3437,-0.3559143707870617,0
1,2634,-0.35632365268060207,0
1,3512,-0.35632365268060207,0
1,2863,-0.3567329345741421,0
1,3118,-0.3567329345741421,0
1,2910,-0.362990799720565,0
1,3522,-0.362990799720565,0
1,2099,-0.3638093635076453,0
1,2415,-0.3638093635076453,0
1,2550,-0.3638093635076453,0
1,3133,-0.3638093635076453,0
1,3358,-0.3638093635076453,0
1,292,-0.3642186454011855,0
1,1039,-0.3700672286540682,0
1,490,-0.3712950743346887,0
1,2114,-0.3712950743346887,0
1,3130,-0.3717043562282289,0
1,2510,-0.372113638121769,0
1,3731,-0.3779622213746516,0
1,3740,-0.378371503268192,0
1,1574,-0.3787807851617321,0
1,2818,-0.3787807851617321,0
1,3477,-0.3791900670552723,0
1,3416,-0.3795993489488125,0
1,635,-0.3800086308423526,0
1,3297,-0.38503865030815504,0
1,3388,-0.3853423484743231,0
1,1425,-0.3858572140952353,0
1,3326,-0.3858572140952353,0
1,3440,-0.3862664959887755,0
1,2713,-0.3866757778823156,0
1,717,-0.3941614887093591,0
1,1833,-0.3941614887093591,0
1,2384,-0.3945707706028993,0
1,2435,-0.3945707706028993,0
1,2509,-0.3945707706028993,0
1,3253,-0.3945707706028993,0
1,3157,-0.3953893343899795,0
1,2955,-0.39620789817706,0
1,480,-0.40082863574932204,0
1,280,-0.402875045217023,0
1,706,-0.402875045217023,0
1,3352,-0.4091329103634459,0
1,1862,-0.40954219225698607,0
1,1991,-0.4103607560440664,0
1,2347,-0.4103607560440664,0
1,1944,-0.4174371849775696,0
1,3271,-0.4174371849775696,0
1,3417,-0.4190743125517304,0
1,2919,-0.4245136139110729,0
1,3584,-0.4253321776981532,0
1,431,-0.431590042844576,0
1,2994,-0.431590042844576,0
1,2783,-0.4319993247381163,0
1,3442,-0.4328178885251965,0
1,3454,-0.4332271704187368,0
1,1667,-0.4336364523122769,0
1,1585,-0.4340457342058172,0
1,224,-0.4407128812457802,0
1,991,-0.4411221631393203,0
1,3659,-0.4411221631393203,0
1,2780,-0.4481985920728235,0
1,3202,-0.4481985920728235,0
1,3545,-0.4481985920728235,0
1,3721,-0.4490171558599039,0
1,3299,-0.4503505852678966,0
1,3734,-0.4548657391127865,0
1,3692,-0.4552750210063268,0
1,449,-0.4560935847934072,0
1,2282,-0.4626551481059981,0
1,1943,-0.4635792956204505,0
1,214,-0.4710650064474939,0
1,760,-0.4710650064474939,0
1,1436,-0.4710650064474939,0
1,3543,-0.4710650064474939,0
1,3749,-0.4710650064474939,0
1,1867,-0.4793692810616177,0
1,3045,-0.4860364281015808,0
1,3635,-0.4864457099951209,0
1,2891,-0.4890069850837341,0
1,2907,-0.493112857035084,0
1,2296,-0.5018264135427479,0
1,3212,-0.5018264135427479,0
1,3380,-0.5026449773298283,0
1,1460,-0.5089028424762512,0
1,2355,-0.5089028424762512,0
1,3636,-0.5097214062633314,0
1,890,-0.5176163989839151,0
1,2756,-0.5188442446645356,0
1,3676,-0.5263299554915789,0
1,948,-0.5334063844250823,0
1,1794,-0.5554542350126722,0
1,3310,-0.5611972345381828,0
1,1637,-0.5712442204538393,0
1,1861,-0.5728813480280001,0
1,3291,-0.5867305077288385,0
1,3197,-0.5937013529349696,0
1,3755,-0.5949291986155901,0
1,3715,-0.6020056275490933,0
1,843,-0.6315391889637267,0
1,2318,-0.6402527454713907,0
1,3667,-0.7009569958748182,0
1,3139,-0.7163376994224452,0
