# Created by Octave 4.2.2, Wed May 02 18:22:05 2018 CEST <mzehlike@cit0566>
# name: omega
# type: matrix
# rows: 2
# columns: 1
 NaN
 NaN


