# Created by Octave 4.0.0, Mon Dec 31 16:34:33 2018 CET <gina@Jesus>
# name: omega
# type: matrix
# rows: 6
# columns: 1
 -0.1604241005080468
 0.003259496465520233
 0.001526140544453867
 -0.01880009700565546
 0.003781394302234945
 0.3695175157614595


