# Created by Octave 4.2.2, Tue May 15 08:34:18 2018 CEST <mzehlike@cit0566>
# name: omega
# type: matrix
# rows: 5
# columns: 1
 -0.03716793802780552
 0.2107172220892859
 0.04206290757398874
 0.1834158155519253
 0.1821348155436981


