# Created by Octave 4.0.0, Sun Jul 01 03:13:43 2018 UTC <ubuntu@trec-big>
# name: omega
# type: matrix
# rows: 6
# columns: 1
 -0.005713775741867065
 -0.01512388190962808
 -0.006069281304617184
 -0.03368249859809592
 -0.01495017267283908
 0.1390547681261108


