# Created by Octave 4.0.0, Mon Jul 23 14:48:56 2018 UTC <ubuntu@lsat>
# name: omega
# type: matrix
# rows: 3
# columns: 1
 -0.2263835693867742
 0.163471902837365
 0.1324401280273155


