# Created by Octave 4.0.0, Mon May 14 23:36:43 2018 CEST <meike@ws119692>
# name: omega
# type: matrix
# rows: 6
# columns: 1
 -0.143130700559395
 -0.01024396636636177
 0.02171286681367206
 -0.003665290002590609
 0.041737938317513
 0.0363428954311075


