# Created by Octave 4.2.2, Mon Jul 23 16:13:17 2018 CEST <mzehlike@cit0566>
# name: omega
# type: matrix
# rows: 2
# columns: 1
 0.1617193077422497
 0.07742339638076268


