# Created by Octave 4.0.0, Sat Aug 11 09:55:02 2018 UTC <ubuntu@lsat>
# name: omega
# type: matrix
# rows: 5
# columns: 1
 -0.06441568311769352
 0.1912069834448596
 0.009970783298245012
 0.2007358725975065
 0.1846525782206711


