# Created by Octave 4.0.0, Wed Aug 08 01:35:18 2018 UTC <ubuntu@lsat>
# name: omega
# type: matrix
# rows: 5
# columns: 1
 -0.09756569472864238
 0.1906311426326163
 0.00950072165126592
 0.2007604417089704
 0.1842075348011203


