# Created by Octave 4.0.0, Tue Aug 07 17:56:49 2018 UTC <ubuntu@lsat>
# name: omega
# type: matrix
# rows: 5
# columns: 1
 -0.1380374715167691
 0.2090793262398455
 0.01294864407187084
 0.1839889942002056
 0.1803640147482513


