# Created by Octave 4.0.0, Wed Aug 08 04:54:02 2018 UTC <ubuntu@lsat>
# name: omega
# type: matrix
# rows: 5
# columns: 1
 -0.1186689826203853
 0.2020753830782976
 0.03464638515668698
 0.1989424764882654
 0.1864567362024425


