# Created by Octave 4.0.0, Sat Aug 11 14:32:46 2018 UTC <ubuntu@lsat>
# name: omega
# type: matrix
# rows: 5
# columns: 1
 -0.08381072071228141
 0.2022981608155321
 0.03512607653255322
 0.1987109005191756
 0.1871203842886714


