# Created by Octave 4.2.2, Mon Jul 23 14:54:15 2018 CEST <mzehlike@cit0566>
# name: omega
# type: matrix
# rows: 2
# columns: 1
 0.1530638216338347
 0.09204952525025524


