# Created by Octave 4.0.0, Sat Dec 29 16:46:53 2018 CET <gina@Jesus>
# name: omega
# type: matrix
# rows: 3
# columns: 1
 -0.03495495869889496
 0.06778489517804843
 0.04682893206447938


