# Created by Octave 4.2.2, Tue May 15 14:24:32 2018 CEST <mzehlike@cit0566>
# name: omega
# type: matrix
# rows: 5
# columns: 1
 0.1489779198585571
 0.2202726556870584
 0.0331684638767637
 0.1824878386460272
 0.1884917621985125


