# Created by Octave 4.2.2, Wed May 09 19:14:18 2018 CEST <mzehlike@cit0566>
# name: omega
# type: matrix
# rows: 2
# columns: 1
 0.01800354989066979
 -0.9470385034163171


