# Created by Octave 4.2.2, Thu Jan 17 21:48:46 2019 CET <meike@Irmchen>
# name: omega
# type: matrix
# rows: 2
# columns: 1
 0.2160064431780902
 0.1573840288111351


