# Created by Octave 4.2.2, Mon Jul 23 12:19:14 2018 CEST <mzehlike@cit0566>
# name: omega
# type: matrix
# rows: 2
# columns: 1
 0.2715522725564663
 0.09605824127367002


