# Created by Octave 4.2.2, Tue Jul 24 15:54:25 2018 CEST <mzehlike@cit0566>
# name: omega
# type: matrix
# rows: 2
# columns: 1
 0.2067815810633296
 0.09799743649131749


