# Created by Octave 4.2.2, Mon Jul 23 13:31:16 2018 CEST <mzehlike@cit0566>
# name: omega
# type: matrix
# rows: 2
# columns: 1
 0.1789652582700038
 0.1470033775963576


