# Created by Octave 4.2.2, Mon Jul 23 13:55:10 2018 CEST <mzehlike@cit0566>
# name: omega
# type: matrix
# rows: 2
# columns: 1
 0.1613066161056909
 0.0821749616814523


