# Created by Octave 4.0.0, Sat Aug 11 05:05:07 2018 UTC <ubuntu@lsat>
# name: omega
# type: matrix
# rows: 5
# columns: 1
 -0.04286546116032198
 0.1871903068026345
 0.01049350755792653
 0.2147901721612768
 0.1758200251264819


