# Created by Octave 4.0.0, Tue Aug 07 22:13:43 2018 UTC <ubuntu@lsat>
# name: omega
# type: matrix
# rows: 5
# columns: 1
 -0.08071997732771632
 0.1864489546310663
 0.009990619087341441
 0.2145952202734338
 0.1753793470808588


