# Created by Octave 4.0.0, Tue Jul 24 18:16:48 2018 UTC <ubuntu@trec-big>
# name: omega
# type: matrix
# rows: 3
# columns: 1
 0.1475448910428222
 0.1557754135849313
 0.1336371158445044


