# Created by Octave 4.0.0, Wed Aug 08 12:55:40 2018 UTC <ubuntu@lsat>
# name: omega
# type: matrix
# rows: 4
# columns: 1
 0.1938103393306258
 0.007246017272667914
 0.2214248778208936
 0.1696578283089683


