# Created by Octave 4.0.0, Sun Jan 13 02:53:58 2019 CET <gina@Jesus>
# name: omega
# type: matrix
# rows: 6
# columns: 1
 -0.3931530031171673
 -0.02977599962291988
 0.01496757703980613
 -0.03556921423232515
 0.06469102827940966
 0.02788523310789471


