# Created by Octave 4.2.2, Sat Apr 04 03:55:16 2020 UTC <meike@brain09>
# name: omega
# type: matrix
# rows: 5
# columns: 1
 -0.1849309357567722
 0.01276256764579165
 -0.2114303428424536
 0.2122722089549382
 0.02839024841167515


