# Created by Octave 4.0.0, Mon Aug 13 23:10:42 2018 UTC <ubuntu@lsat>
# name: omega
# type: matrix
# rows: 6
# columns: 1
 -0.3999138108173513
 -0.02844079159724952
 0.01491983037235376
 -0.03035397968966264
 0.06346486072813118
 0.02788853235141249


