# Created by Octave 4.2.2, Thu Apr 23 18:54:05 2020 UTC <meike@brain09>
# name: omega
# type: matrix
# rows: 6
# columns: 1
 0.001739513794195935
 -0.02058115322372051
 -0.002387395583170149
 -0.01466240385560329
 0.05148660350112046
 0.02237716744646984


