# Created by Octave 4.2.2, Sun Apr 05 18:02:49 2020 UTC <meike@brain09>
# name: omega
# type: matrix
# rows: 6
# columns: 1
 -0.001337483760640827
 0.003313806337937837
 -0.003613112703718182
 -0.01307096327832636
 0.02728471374898995
 0.02308756999077942


