# Created by Octave 4.0.0, Wed May 16 20:17:46 2018 CEST <meike@ws119692>
# name: omega
# type: matrix
# rows: 5
# columns: 1
 0.1482614511772554
 0.2122461859985228
 0.02718270784304419
 0.2002839814709062
 0.1939283616715026


