# Created by Octave 4.2.2, Wed May 16 21:29:38 2018 CEST <mzehlike@cit0566>
# name: omega
# type: matrix
# rows: 5
# columns: 1
 -0.09784695509313816
 0.205012122649044
 0.03330287490972182
 0.2021088266072175
 0.1824476052243563


