# Created by Octave 4.0.0, Tue Aug 07 15:36:20 2018 UTC <ubuntu@lsat>
# name: omega
# type: matrix
# rows: 5
# columns: 1
 -0.1063773378416816
 0.2164818848504261
 0.01029305462962672
 0.1790865344179512
 0.1865640008578536


