# Created by Octave 4.0.0, Fri Aug 10 19:39:57 2018 UTC <ubuntu@lsat>
# name: omega
# type: matrix
# rows: 5
# columns: 1
 -0.07236925612618378
 0.2170818339733221
 0.01067328639855144
 0.1792988120491053
 0.1871651026983653


