# Created by Octave 4.0.0, Sat Jan 12 06:02:02 2019 CET <gina@Jesus>
# name: omega
# type: matrix
# rows: 5
# columns: 1
 0.146778439179846
 0.09523063521499939
 0.001978348507245339
 0.07720418973826972
 0.08802077843304967


