# Created by Octave 4.0.0, Mon Jul 23 13:07:38 2018 UTC <ubuntu@trec-big>
# name: omega
# type: matrix
# rows: 3
# columns: 1
 -0.09232258959819228
 0.1521447379835109
 0.09185110086600341


