# Created by Octave 4.2.2, Mon Jul 23 15:56:32 2018 CEST <mzehlike@cit0566>
# name: omega
# type: matrix
# rows: 2
# columns: 1
 0.1379959779242612
 0.1468985739714717


