# Created by Octave 4.0.0, Fri Jan 11 21:15:27 2019 CET <gina@Jesus>
# name: omega
# type: matrix
# rows: 3
# columns: 1
 0.2896182923784855
 0.03881183071880805
 0.029309351721759


