# Created by Octave 4.0.0, Tue Aug 07 19:51:41 2018 UTC <ubuntu@lsat>
# name: omega
# type: matrix
# rows: 5
# columns: 1
 0.1009368561712589
 0.2105102437195313
 0.01316589384437318
 0.1819326709246791
 0.178422659505713


