# Created by Octave 4.0.0, Mon Jul 23 14:49:34 2018 UTC <ubuntu@lsat>
# name: omega
# type: matrix
# rows: 3
# columns: 1
 -0.2707407842505246
 0.1840740121431875
 0.1442629329113807


