# Created by Octave 4.2.2, Sat Jan 19 20:57:26 2019 CET <meike@Irmchen>
# name: omega
# type: matrix
# rows: 3
# columns: 1
 -0.2520677277352948
 0.2185462756984966
 0.1161013141706258


