# Created by Octave 4.2.2, Sat Jan 19 00:28:45 2019 CET <meike@Irmchen>
# name: omega
# type: matrix
# rows: 3
# columns: 1
 -0.7401747931210941
 0.198636678681457
 0.1058030494487893


