# Created by Octave 4.2.2, Fri Jan 18 00:59:13 2019 CET <meike@Irmchen>
# name: omega
# type: matrix
# rows: 3
# columns: 1
 -0.252802484019043
 0.2185098092957969
 0.1160824148219027


