# Created by Octave 4.0.0, Fri Jan 11 17:16:24 2019 CET <gina@Jesus>
# name: omega
# type: matrix
# rows: 5
# columns: 1
 0.1641864776053315
 0.08938082848452103
 0.008128714419401075
 0.07747392572940613
 0.08587292542243621


