# Created by Octave 4.0.0, Wed Aug 08 11:32:30 2018 UTC <ubuntu@lsat>
# name: omega
# type: matrix
# rows: 5
# columns: 1
 0.1417898292109646
 0.2209755829803223
 0.009004372372203247
 0.1903283333826108
 0.1853329017619088


