# Created by Octave 4.0.0, Sat Aug 11 23:59:19 2018 UTC <ubuntu@lsat>
# name: omega
# type: matrix
# rows: 5
# columns: 1
 0.1441793453240357
 0.2210228466829463
 0.008978779914538958
 0.1902064307614983
 0.1856152236310155


