# Created by Octave 4.0.0, Fri Jan 11 15:12:38 2019 CET <gina@Jesus>
# name: omega
# type: matrix
# rows: 3
# columns: 1
 0.3530004661018424
 0.06113310312358081
 0.02848152808691751


