# Created by Octave 4.0.0, Thu Jun 14 02:14:16 2018 UTC <ubuntu@trec-big>
# name: omega
# type: matrix
# rows: 6
# columns: 1
 -0.005674388721491535
 -0.04403061825137752
 -0.01321237075338222
 0.002347231958318653
 0.04760579061139059
 0.03139601956175334


