# Created by Octave 4.0.0, Fri May 25 04:51:45 2018 CEST <meike@ws119692>
# name: omega
# type: matrix
# rows: 6
# columns: 1
 -0.0137012592884721
 -0.02199612030370148
 -0.01291339464452745
 0.002296631932213866
 0.02624128881079555
 0.03031840205802134


