# Created by Octave 4.2.2, Tue May 29 08:39:46 2018 CEST <mzehlike@cit0566>
# name: omega
# type: matrix
# rows: 6
# columns: 1
 -0.005731522424334505
 -0.02142336387518332
 -0.01280800017754647
 0.00229280873105478
 0.02570424175306659
 0.03017408300147568


