# Created by Octave 4.0.0, Sat Jan 12 07:50:43 2019 CET <gina@Jesus>
# name: omega
# type: matrix
# rows: 5
# columns: 1
 0.1456722872469531
 0.09329821248562971
 0.006326517612533059
 0.07854388613640523
 0.08659404249090866


