# Created by Octave 4.0.0, Tue Aug 14 22:43:49 2018 UTC <ubuntu@trec-big>
# name: omega
# type: matrix
# rows: 6
# columns: 1
 -0.01551575177875644
 -0.02466847456714743
 -0.01281106591366686
 -0.05879551685637776
 0.05384402505830591
 0.02429878888677692


