# Created by Octave 4.0.0, Mon Dec 31 11:55:41 2018 CET <gina@Jesus>
# name: omega
# type: matrix
# rows: 6
# columns: 1
 -0.1643827060486706
 -0.0287703034275053
 0.02173052414159695
 -0.010010676531178
 0.07057922055593693
 0.02811898629783253


