# Created by Octave 4.2.2, Sun Apr 05 12:35:06 2020 UTC <meike@brain09>
# name: omega
# type: matrix
# rows: 5
# columns: 1
 -0.2099544087761364
 0.0158593506668997
 -0.04086378660481511
 0.2473737669156784
 0.02954883737585087


