# Created by Octave 4.0.0, Thu Jan 17 20:07:08 2019 CET <gina@Jesus>
# name: omega
# type: matrix
# rows: 6
# columns: 1
 -0.1643943530878361
 -0.02705855507462426
 0.02160438691343193
 -0.00896518957239608
 0.06888219597473817
 0.02809845744338097


