# Created by Octave 4.2.2, Sat Apr 04 11:12:57 2020 UTC <meike@brain09>
# name: omega
# type: matrix
# rows: 5
# columns: 1
 -0.2452753999749551
 0.02258711954632169
 0.0004970330948096259
 0.2864256072234001
 0.03249774627961663


