# Created by Octave 4.0.0, Sun Jan 13 07:48:21 2019 CET <gina@Jesus>
# name: omega
# type: matrix
# rows: 6
# columns: 1
 0.1289884385542593
 -0.02989501499414145
 0.01689740892288788
 -0.02285114032231886
 0.07014126279327773
 0.02980667406411006


