# Created by Octave 4.2.2, Sat Apr 04 22:42:09 2020 UTC <meike@brain09>
# name: omega
# type: matrix
# rows: 6
# columns: 1
 -0.4009778025382333
 -0.003365498682384408
 0.0124698841714272
 -0.02090074531773574
 0.03859720685148907
 0.02758117221980901


