# Created by Octave 4.0.0, Sat Aug 11 22:23:49 2018 UTC <ubuntu@trec-big>
# name: omega
# type: matrix
# rows: 6
# columns: 1
 -0.4011484012352819
 -0.03286241658840234
 0.01583622846590481
 -0.0399466592135555
 0.06786097684132313
 0.02794685652133485


