# Created by Octave 4.0.0, Sun Dec 30 00:43:00 2018 CET <gina@Jesus>
# name: omega
# type: matrix
# rows: 5
# columns: 1
 1.088971329933827
 2.132070913817085
 -0.4843811515012002
 1.85457008283474
 0.9755750064743007


