# Created by Octave 4.0.0, Sat Dec 29 02:03:27 2018 CET <gina@Jesus>
# name: omega
# type: matrix
# rows: 4
# columns: 1
 2.129247035673858
 -0.4538875928274543
 1.681762357998387
 1.115476414334128


