# Created by Octave 4.0.0, Fri May 11 02:50:57 2018 CEST <meike@ws119692>
# name: omega
# type: matrix
# rows: 6
# columns: 1
 0.413149933955256
 0.01831174713137507
 -0.005869221155216317
 0.01105069660675455
 -0.05317816862870434
 -0.04562668593307245


