# Created by Octave 4.2.2, Wed May 16 20:12:47 2018 CEST <mzehlike@cit0566>
# name: omega
# type: matrix
# rows: 6
# columns: 1
 0.03215535060394478
 -0.03568324211114298
 -0.04297392174309157
 -0.018317839676077
 -0.01960240513026039
 0.05689945167701902


