# Created by Octave 4.0.0, Wed May 16 18:15:58 2018 CEST <meike@ws119692>
# name: omega
# type: matrix
# rows: 6
# columns: 1
 0.03139821541102487
 -0.03610211817761339
 -0.04546071476906457
 -0.01792654522386052
 -0.01918130514976131
 0.05685565309947879


