# Created by Octave 4.0.0, Tue May 15 11:39:02 2018 CEST <meike@ws119692>
# name: omega
# type: matrix
# rows: 6
# columns: 1
 -0.3499415158395212
 0.005761496312063425
 -0.006372425439788494
 -0.01535526103320192
 0.02295106428138726
 0.03713544824657735


