# Created by Octave 4.0.0, Fri May 11 16:40:11 2018 CEST <meike@ws119692>
# name: omega
# type: matrix
# rows: 6
# columns: 1
 0.04006410159040272
 0.01562799996197009
 -0.01077287296463898
 0.01071519695444426
 -0.05168668124450237
 -0.04238379772427533


